4
232.20717394018948
255.86959536406792
346.74924895738246
322.3566204374088
426.45893628532593
375.17603238904485
439.05578533349507
481.75610687476507
323.8627857738022
107.7030979846299
336.3701722223071
406.5455760981897
457.33635926851133
49.79966531135337
458.57837722982083
235.46362046704016
206.39655278172526
369.6950900043309
254.59418938962565
438.5202251036741
258.53383918175535
82.05974154474572
392.13396119481195
93.72718929983448
194.35320334667225
314.90230154769364
204.88869840175514
53.13219921863532
298.0490225335055
339.6092157778363
447.2341417172307
23.407057982655576
27.195719487253267
161.65349561668336
43.10073710708756
436.35421709634016
104.17311994357065
435.21232209803
404.0377298186058
87.90737109360441
