8
8.757489022856056
25.632602563752112
106.28174444261491
117.40499709937404
160.16597700759488
248.187649185284
223.46629273805098
250.00751305760818
227.4012702950239
462.4354061985372
271.7219527656062
385.3660518686111
294.0590311711072
49.80324789079776
414.09316602719645
321.0450594240294
34.178545102437596
447.20420435601017
160.6504785537232
398.9977515396002
163.85899635903272
169.99927725286227
211.37708459817082
216.44598714312778
237.14934390228348
225.44615618291925
326.5527987352546
276.77345356934165
351.53288303478917
485.35339841234577
370.79922012749716
482.57085486291146
10.747001474960335
195.97626346489145
97.04773926238641
27.00595681303431
144.13813253418022
25.32444926357992
225.94737900868637
97.82296279438177
271.0850352606793
182.00367995311518
408.08381240758155
412.6255192962782
457.4578751546701
194.973114545318
469.95353716566774
308.90310557741606
4.3773058156302325
77.92926811525767
82.56895194030115
224.32967172377096
110.29523667918808
417.81959720287426
163.63404589054525
427.1211097595768
182.6355449178172
391.04097238291183
182.91891136062915
25.718121640230187
348.0580058578605
277.168893954555
470.7378789029148
251.25051971884486
32.78460756030562
492.8506340251461
58.08329545144467
190.85997775018302
70.65696511871704
213.72343467290025
182.5853891767402
374.10488738219954
185.39138705984925
409.88889902980304
189.526811670514
263.490586470708
483.8250367320842
495.98699484360253
498.6454871251103
207.69615115220796
