16
78.20431892937187
137.08377377851087
127.97497904603995
252.48449416651826
138.6788596450003
489.0388066559597
146.05323218792458
395.4867394258875
162.02862616770753
56.2143505683435
166.82741741309076
418.44883962281034
219.85448293284966
407.20413495486883
221.19921944376554
325.4088407692054
230.57904764794552
37.592892817634926
237.79287033496698
375.99752885836756
351.47540740449443
103.78494643291543
359.42938944502873
475.4384885727046
369.3841823536653
413.2284076047812
474.9800976797964
402.82669438080165
481.836287456029
383.523897581399
491.38903313033023
490.10574287544136
18.811723929113416
23.994017378844532
54.717385918952544
264.8652417931276
79.40679317096982
440.8500170938617
116.46815282792934
68.99881774696505
123.94510530579836
411.5974447059272
138.63211782314667
404.9124294504724
144.36139241116663
414.6249954844603
172.35232207265423
228.95536630298628
243.39807038982235
331.5728130403467
315.09943729098313
187.4814343887476
319.8152241669407
26.715945375723123
342.7183174661028
53.873579160753614
350.8021948429091
119.21363043246866
389.7114426036217
5.976380095720368
440.1925029637647
144.9120481005888
449.13443826589713
159.43810689270072
6.745936822466457
375.5523326146208
54.43705651300324
154.1659719125612
142.84114165024357
204.79603902855317
159.7687674505183
311.61631190731987
186.2411344904707
283.514082363717
193.52244038851148
158.78084137078284
232.683746428602
210.07441130357745
273.0538844468848
206.5136014909517
316.59561035650694
374.7385697183908
334.59327158045767
3.120393644993245
351.8396569299765
432.63296963455014
360.4046618676212
37.0062180800758
364.1589995228359
338.1083087084951
367.18363076209187
61.353332888698546
425.068514621027
106.27656472733987
441.0178135352433
386.31087746459195
11.475261652881972
344.5704321813146
13.40724208884783
209.35294848241873
24.338916454133994
72.66606263623483
76.0847865190983
239.5949776167506
90.43199093687598
190.0805562596597
106.93113864838469
475.050120971089
107.11921712262239
303.85132181240544
142.44046633551338
131.56678862662108
203.17688622429102
100.83562205273174
288.1660309050866
489.18808109268497
289.3705374245744
83.92951778673142
293.5722431660178
40.42872642330447
342.0404030648916
78.21036735164242
348.80708882318544
228.13786222186545
435.09628466605096
215.41348312545657
484.7756793265244
338.89105306808574
37.60480472273992
132.263073509994
43.813520424953076
248.49835260445053
64.40554416302041
214.81903989342413
99.18096400635649
244.07615780143104
174.11888807804425
183.86126622617445
237.6028102811372
80.46707715195615
248.84574007847618
224.82620564427526
293.64695800587833
285.1392839926292
303.2982640154145
20.57456841045636
304.71959989098974
483.18913328393705
309.41738877319426
346.1055879812147
383.19233741612084
301.2499431117429
392.8625134873678
493.9518315767049
401.0833966405407
264.2406082502113
433.04596501803746
374.25654634821893
462.8482135137532
417.53090850025967
