32
6.440803737695411
477.9773038916859
20.60698223071186
38.687064613128896
32.782639594213315
407.318453461448
44.77020809795557
355.3798303123265
76.58379579448416
101.94216994973553
76.95487598639325
404.46449735397374
98.54200612232368
47.12171126306619
99.04323611543577
96.7653242452759
108.79810600106227
251.56898900572122
111.78254612866881
379.521579642065
159.34995899196613
103.52212005201285
184.16164023806812
342.1517499717564
187.01622924180703
267.82479477177424
190.16295349092053
7.9216447674042385
216.46301308851105
374.27179123845616
226.0245873195653
232.00783044750497
233.3854689746258
200.02252632466232
241.89287114250496
258.431575696738
243.75875891340377
362.606259012545
248.4505365872235
51.1622722485256
296.78709441791966
468.1252168150455
297.9356493848873
24.00817010456958
374.2118843300634
114.41804660384803
393.96485794051307
199.3991541493468
398.04961375946687
374.7294505485623
400.9193968494367
295.39257315769436
404.4864709564802
306.2363143324206
414.2484986668441
228.48845679253523
442.6323606657003
301.91367816127615
453.584424095395
368.86278670843996
474.433422382385
134.02349505578331
479.79092921832824
390.5228835369143
0.024862212132591988
357.14968669098926
14.504389102124676
371.1451486751521
34.15384243954036
9.6342868991698
40.27974682257977
392.3998698218253
40.566267055215455
217.376689828402
40.941238215910886
309.26802986606543
67.97743001965506
193.68228263097203
72.48410503344981
483.1803270540119
78.19277589769665
253.5530087696109
82.44734990495282
395.8328184288453
82.69602142786597
215.81623574925572
93.1696862367615
159.10029169831338
93.71416777306754
243.64114561019377
127.12845410026516
31.349951369232137
166.82021045494602
218.0328230858056
188.01194361093854
418.4970501066564
194.94887069029096
365.83185659657585
225.5090887228988
237.69272949745022
249.7105431284428
362.6997289736498
270.1402840683416
57.607109404904406
281.31133775419994
48.25721065340644
287.26835719030413
487.9457506413759
308.3291692572079
196.14914913923954
327.330551640112
472.30005753937724
338.4377200650145
293.33711580035424
358.2615633995473
205.37734340062292
364.36791953654887
423.36354282205514
383.53290947854344
417.2823208147139
400.9139903929643
333.433256040858
404.82017812843065
368.52029358395333
453.88312484661833
289.29109329320545
454.5482194079891
352.2253594623152
6.959732293630921
385.903794884891
18.767970318855458
301.68010879122363
23.60653288201642
173.82158763546144
30.44492020507566
254.5846288502683
46.876151849156685
391.08593513229073
47.30588564429798
122.52872529476153
48.74931192437683
256.74216978365996
50.96583216907606
145.61766857727147
68.04591847657693
29.081342414222895
77.64023481347286
308.21785464445503
107.30576854031008
409.74412909457914
119.2615540243178
329.26660850046784
176.1775922219905
187.63792586575119
179.2253029504744
276.93235396136464
181.38993588308034
197.02291464923402
192.5553964526727
366.06309070929507
195.7778297915149
461.8638258150107
202.93871810304987
473.0981452738655
206.42063220764877
350.2301999539174
231.0237711186201
60.79852247944193
232.12425606807008
152.55179342483333
234.66219973469344
0.7190091584535968
254.7281210882766
159.89426888885208
281.4698958071775
34.594549427329746
288.6991228038389
205.10674731819051
292.6214768558966
28.80813692961947
345.929520442972
429.2329068026455
355.92051235124404
183.15072873500384
382.8260035732427
170.97059972327233
391.8663269092258
412.4791121712972
400.61222186869077
265.9870970427682
436.6130417297143
331.4803270339738
47.76100719776738
216.16897887736792
48.04360729390224
259.1468600821331
79.82888188393932
143.16205198544748
93.32721868048183
459.80817159348146
116.29454882689437
216.88871124149475
119.37838916246511
48.45868907283242
127.9997662892669
348.3978376716946
144.4962398164642
58.51427709070079
157.61852752524416
274.8084637597028
169.20084218329805
126.6534964286102
171.57607097428163
431.20762039475403
189.16568885050827
282.33169692808264
217.3119606112043
370.2514325321556
218.17948381983783
48.124359919004725
221.63037402459724
120.43841343403284
240.0478758299576
449.72390134138874
244.84361096579946
232.41211345682404
249.98396701606765
409.4167195762883
250.54592070323775
83.3584569025147
287.6989121090053
389.204011613296
303.57470057402423
282.6824574890126
325.7785278181086
384.7280649157498
333.5620752099011
483.944680995537
432.6961115934444
237.67210575004762
443.7419340208846
402.14647059573
449.17405598398847
324.449047034026
458.80876224215586
211.8481135113041
459.5189595653117
283.94170248774765
465.13933968267094
160.05351840574136
467.31968118913886
185.25185360850222
496.0325458367569
328.5227666644916
497.3667990791178
321.6751442514053
15.229507401867805
42.19691806233352
24.281877487792475
265.4329430367096
30.939310182286906
399.51553634231226
32.73973529656761
54.96712974047193
37.98436027728303
400.3424116611809
38.40577037900803
142.0069456305469
57.72032844797974
421.8771259725272
64.9793807262259
60.73693319343599
82.0648742355577
430.56263420855606
82.17312861034578
398.8062806808447
88.15741280466722
430.02334819174047
93.12093633459224
390.58839083867605
115.27998114540992
278.3161418588758
136.64345395600787
301.9907828155016
182.09219513327938
237.96575419629946
216.09478168033502
335.0704883769895
216.97558048813744
205.9477867502258
218.45726348019352
103.31767202144654
221.7729694268967
462.69858400249296
263.59356136818
257.5152213231186
297.6264537710042
152.85348311120674
310.7593089263916
479.1472969873641
361.6002665324062
278.484432032318
364.8141304655377
431.71200611741654
376.9909201987364
491.7687354884081
378.8095333543745
185.35183643143841
386.4241462460452
249.57462835330276
413.7309967015938
47.69512030188501
433.87419878925465
144.32550340714357
459.97594095868135
20.77703292967286
485.03302980010164
51.42176290258674
487.7312683723612
182.84410065856008
