64
0.7839733531002129
250.59227675718762
14.155535471902226
361.454794444636
20.208154349417917
309.8822873402972
26.33619567533803
292.77524561820445
29.422977705180998
410.1732883251654
33.36072987589306
244.18604661429794
39.73967064586102
248.18458674870283
57.516981995165594
280.56414071117257
63.62723630166944
497.3413451698559
85.25985200702334
122.231896534238
86.60410309125874
95.07266405005797
96.66722576292204
38.422598952239944
112.99418361659575
263.0492492558408
131.40806068885163
279.2523898668361
132.12221328441177
278.4746577544106
141.1550918632823
488.6126680030401
153.83538503098205
173.02543569157393
160.0692614934452
201.15304842244674
160.27321061513382
231.02468847007157
181.889303753244
196.9442363248706
183.68605558249808
14.442797869463348
186.56564910344377
74.78835546290765
194.6479912330849
319.693208813304
200.103748560424
64.17070341030298
200.65961068978515
157.46670564619808
210.28949916133956
201.97267026668678
210.81646548052592
157.6195624156772
215.5368882790232
201.23816746770387
218.22517488005963
354.05624380841925
220.9364160750819
149.7831088540742
222.21804827926135
409.5213187877968
225.1435773555985
118.26718450712968
229.79929883427863
76.33304888593614
229.92103272617246
291.24941296798636
243.2883543343573
169.87277391570487
245.44903899549124
158.85139160271567
247.88723847702317
0.16773816962101962
248.69571383387583
166.95894678574103
252.44948207258844
277.3930510331009
252.80225890931604
362.1756519066688
274.11736640423936
438.06963911250386
286.01188584801935
280.88004661538
296.782960454656
464.15137535136887
308.9967042592063
12.533785131936735
312.26466528969974
129.9975421157529
331.1203440553028
375.1338673887016
361.5067724041393
3.2760321734910627
378.2500703729557
498.03228909575927
414.0217160501398
145.51779215637904
415.12759998328863
45.21374261840623
418.0068088788808
297.61667940213863
430.1901637038408
109.497212728607
430.8651831188268
93.11792333885946
431.87667048922714
143.6446795410991
438.75275990831415
411.2936348531
453.62960592854915
373.65574803649895
455.4824506652224
73.72201148471338
455.94505202221933
450.93196587348973
455.9978466596859
494.78525905525765
458.4135213565948
83.54953284017009
463.3182334503165
283.7001544831012
466.60147376443746
402.84989374942415
485.5290986188163
152.75308979047296
497.27736225051166
388.3743204761966
13.049886451509412
138.19073950530495
14.946885994403363
279.82471018789323
19.529665755225466
157.24579684295372
21.980943652664838
487.3236346025575
31.305297694854296
110.75748244606305
33.51383432066226
229.05968182894242
35.96957482617737
441.6743489734876
42.73870899280072
93.5231525039385
80.9828977850974
187.3549163897771
97.05021052878901
445.9204420604685
97.66195006597947
386.4055187643417
100.19043032821943
422.4732260954464
109.48893938037955
409.1419839692408
113.78778481912458
324.30613880895675
114.81973095948968
190.87324648784684
129.59442423390536
279.89009301163765
145.2941041595503
307.818989737633
148.1354294127958
151.3601979568703
167.2355099773967
406.89339725803785
175.29344504043
111.00277945784427
176.4839900105595
150.65210201829268
180.94118631316925
104.63109791697936
188.7869145660182
227.0960385145074
215.30724497223892
213.8859716110263
216.97554152984466
401.3229196114168
235.84858554395413
19.08362051778831
239.08501421473687
369.4494234448162
243.9697808616507
183.5212760448175
271.61724835360775
184.10184763424806
272.90513093858624
146.38393139079758
309.90948206236436
335.1036616469394
310.02554601995143
373.56104327935907
311.4543819955638
378.80521648605765
320.391278376088
419.6305972363498
336.1872170431727
318.46909158294466
340.3761002122777
292.6530208454278
348.69004885472344
34.83301506970963
356.48395913633897
13.325691169243502
366.30473015610687
446.7176312875362
372.1727380041422
200.05743367834899
376.0400700456021
128.79244527451073
381.19803683093573
11.271888223512523
383.19023470729866
37.19465885401011
387.1011506525696
261.2338488114263
387.3023405039843
463.65659255129657
388.6962936033969
446.25637795922836
391.97794316007236
145.62099085824403
407.02618636145456
33.73550274120089
428.45508538864317
244.59153038763108
432.23923009246914
256.5594038658003
438.87539503738253
21.37127779570931
439.9053833570164
118.07303150845168
449.5351707190361
381.9708069084735
452.97401794682037
238.92246435119776
456.6434623925149
489.18753532273416
456.7327405402107
147.32124446355044
474.0308757389402
168.59734421087919
477.4506464281399
461.0017502367325
481.35232627631603
273.7063765101559
481.8512011213624
224.4874208116647
482.45771360645875
270.4822369128887
488.8408550477259
407.09179398416694
493.4782497020735
235.7941729389029
497.71035394443885
263.51163722904266
24.531827400854926
103.08880069825976
32.654400780892686
138.06270911220508
41.816681649673484
91.95140297241215
42.51595326864774
42.153978637261226
65.00075976017789
28.151956748008594
86.18285629344099
288.81247662728435
96.99534566455785
157.25369281452984
106.63345121632247
116.67276303788601
117.78613659602239
495.898211494973
124.38162789194013
387.03745452221887
134.36355821475684
300.34507770107973
140.1650983780926
277.6381937112671
157.53753412370438
273.02384416241324
157.6549488257808
108.68382562153582
170.48051170291754
128.61318251466795
173.8923669500732
127.81967483769735
175.71089089399533
249.66535219195
180.11922513774846
348.1105917451034
185.38101078313943
155.0033226956084
194.4232610136183
124.315342299494
196.389994694615
368.8860817226924
201.26307531633873
386.65339053013224
214.159468495321
121.89796179253239
215.50522578407075
188.940789211077
229.49628382173532
497.2826612130235
232.63451894408772
268.93420601695135
254.14203186178975
241.5672093425997
260.436700877347
80.30398705330698
262.5953771347818
216.7255194948922
270.56396451479316
375.8284044050865
271.79370781737697
25.344466554479986
278.50197566375573
133.76992571116014
280.565333576656
446.2565739199909
283.455002229859
264.34149846780093
283.7430550523257
61.953795841991194
284.05762871978186
485.7502873365218
290.4951246572593
232.2810024443511
291.662827057464
146.2696868912397
295.7328747359637
185.30888350690572
302.0907536700217
381.70884120442344
322.7161428597163
126.71517511074035
330.68588773239736
251.62131001292343
333.56482105612514
226.94820222316324
336.0101427084266
497.89266857248214
337.5962969261758
28.717291537153486
343.1502948131159
453.113363850925
346.9834921148924
303.0295828667527
349.72572250143884
248.85580106603788
355.21696059199826
243.3859347092002
366.89105859190073
59.03776519648785
376.4918851193726
453.8827914509651
378.36992556540224
374.0650173069264
392.29692855718724
312.0590937599896
401.2517394516591
374.6163258167528
403.9108799488196
75.89750762633567
415.2763456425469
357.04001459744575
423.2823370362235
10.238337576776434
426.8984693329465
363.2913665564534
434.9368154552292
76.36441560488736
439.57697068031814
328.05645229383947
450.55726643678497
274.6360187342256
466.71561833086196
430.7983608744844
471.8638540151074
319.15986001054523
477.92739033949243
465.7358404995803
15.810750352717546
475.67902266435794
28.859984330352024
481.37964886595495
34.60000163093331
52.519276469267425
48.0015519125733
139.2987267595621
53.798345732110896
335.24113210688733
54.373197534304104
165.17347782746
54.72935345576447
400.44920428994504
66.73988293838146
219.8336211700566
69.74933195259007
372.2058361082794
79.6239772505274
148.5533566983457
82.49018342730183
88.00591420250578
85.77128093878565
280.90011866317155
90.83356426701852
475.45212600674796
98.17792905081943
291.2785230135728
98.94606990643035
284.1153335254641
110.63336207549845
301.51903957414066
119.80664323462605
442.7152467317194
126.23737200115406
342.18945396474606
126.9978561752076
376.0216551641025
138.95108928600973
138.10557260428072
142.85673291570916
352.3239320769604
150.52706375944743
354.4717845600886
157.48617979667006
213.66535334701237
157.8156738434303
377.2484742384778
162.36972890209125
424.8581700509422
166.7218227605152
347.73897728450663
176.38178205943194
493.93827402309836
187.72651822398555
238.80664897862778
191.25710305023895
319.25219323536595
201.00618567056017
276.6323504834536
211.83073141430972
398.6749030095845
217.76423200069175
487.49158361769173
221.04823320451672
412.22001942347157
231.4675965868774
49.962734750166504
243.87358898745714
478.4172684309292
244.38804235737203
209.67666759772885
267.5352182441637
21.135439446456157
269.451527345844
317.83459279300916
270.1348808083516
325.7540690845171
280.36946202528156
243.73751287749175
285.81714550253037
390.967668571561
296.5572616691238
133.7923274964352
299.48279868108
439.1600623477916
306.292481010989
238.46068175106356
306.5158830473975
404.3479308336962
314.3468206770052
291.602650991171
315.4933230624055
175.0009962725627
316.4811150199128
83.9829410262641
319.13846065992215
278.20831313456205
323.5665324604364
210.563017488112
339.30889439830287
129.31552043708825
345.98992423938535
60.82545922672624
363.8039111687578
477.2875504709742
376.3803858322782
73.4452028820464
378.50277861164426
450.7217581218571
389.09595428453065
481.1146078686981
393.5573171843577
242.71151892764485
400.67529431528163
258.0141639646762
409.4750619345853
345.5871435941289
427.7808507798341
172.43411564960684
431.71537505842167
321.16280451812986
431.9243076539511
20.211271550600745
442.4606099802448
148.0211414227862
453.1347505235817
368.30446637054695
35.2785379567476
423.5003939738735
41.3990250753433
295.9224193687508
45.635597335317
378.5439079575128
49.357117821368156
458.72027128807184
50.10624692580579
335.2771282915539
58.33938467660772
459.8960818637135
69.67058195222393
437.81759768798605
70.8292062053272
411.86575574129824
73.54658486179291
335.78152749929706
79.59328621584551
179.90057724873424
86.7015441444433
8.45054167333902
98.84609337025945
293.3773453907055
103.01525861141724
281.84484452261063
126.57545007199131
333.5665413313919
127.91971437482239
58.87620203412476
129.7652556708432
145.00318197217157
130.96739465535862
65.52584459804199
133.2107038041724
76.18077709862045
145.86705719989126
376.53742276778934
159.03092085904717
283.5483948948274
161.2084598753125
277.0691078723195
163.21981513138425
4.707815906178179
178.68987901320878
203.45236160221074
189.94693051404863
332.34744716283814
196.8185004805646
378.87675017775894
201.12834725629034
309.947802386784
205.4839075168427
355.67290567958844
207.5064049586657
368.6265695454751
218.6583066685181
289.16359057593905
221.68687832805048
96.8653064696411
231.6608391634827
456.5048096551291
231.9326318073456
108.25409708696976
233.3685754656021
306.2435480356483
239.63307004879326
116.39076893705433
242.2883594723254
226.62889466908837
251.66209500761948
58.861039669045546
259.3830130488517
249.95467318559466
288.2882450739271
91.78087172804534
303.8663309649343
177.16447923804665
306.34187291184656
201.62978659063762
324.56411150001657
389.1397344495655
330.1499679772119
119.2919264482554
341.25515632571046
181.702708284256
367.10062613071784
444.99554378089005
378.87069422412435
195.3893609094181
384.0024684573611
147.46639477847054
389.1733424269063
235.38247564067026
393.4803102464019
357.86573957536257
398.7679211307048
57.728445611619144
399.8935538055074
434.6690825829143
402.21067623331817
113.77331672316635
404.5387916356225
245.9562363978906
404.7075955026269
313.9628283866776
406.7566412104395
469.1836414590651
408.3800176982444
323.015443641866
414.0036628933606
260.59130623670075
414.44268419007255
43.25196242737862
431.48332621365256
56.47408358860678
441.66227362282
54.598601691326834
442.9697120826804
20.75955629832152
449.35413361831274
200.92117133422235
461.5681650693018
85.52853455092229
473.85846013729355
163.28679869856614
486.53034723107055
89.15998219663857
