128
4.97025719251595
39.91061709365191
6.608168773081576
406.7700833900005
16.366308638173667
102.15306201441638
22.01719091569468
335.893319217402
28.684530556946154
348.43057494013624
29.555053577724237
385.2118011500895
32.95878606034687
13.570051822860034
35.05142557800022
332.52727738668483
41.69854355282008
376.4108382320605
44.224728141658794
397.43677611360727
45.968717655884504
382.8625805172602
55.455305570263555
332.13291245565523
57.960638267284295
165.34552285870245
58.20205828019097
318.9333794245833
60.59441427192981
21.159074303101132
70.29057947037737
168.9534296046539
72.12789580251949
416.22879534142044
77.1455042363051
61.57907750717673
78.64779941115835
247.09904658371636
79.37579669257502
465.43927088645944
82.06272001382722
53.22761780359609
85.20546571025324
445.6630934260402
87.38325710263496
148.64097708081513
95.08724581739483
11.831015753765831
95.5672123294851
28.30515566955773
96.1158901172972
456.56041450026
98.0652004975644
75.63154311850079
99.7478040472877
282.7716374479491
100.05199762826476
278.8105377795865
107.75914824003888
402.6810619648891
107.79690774192346
387.76086035707175
113.55548174394505
92.04092620017626
118.16642752961035
375.0193724180945
120.61362301020264
389.1425926364365
121.17910404777804
241.037827852927
130.56461876157428
44.593278004083736
130.6075234075727
153.07617979446093
141.5061542729328
214.7250149380886
142.9763527704461
244.71159659413325
143.23263793373985
467.9521649093387
150.18886845668803
159.46006735325483
152.79524558074297
80.55350350442536
163.16491604485384
33.663683948372494
164.88312128264945
81.9643174795333
166.41525685134545
487.46953834237905
169.8359861455177
432.8445759856516
181.96303425758904
294.04114805665546
187.7122460375942
252.81225276151173
190.1871151912398
99.85146502523563
191.48365319077544
457.680412132249
192.34285353628837
333.07652442068303
206.18453270541752
402.3053359539333
216.65120159708422
186.16460884956862
219.01592954470746
109.32762299879819
219.52641118974947
254.01635219000414
220.40020658206006
476.7171342012182
220.90783158140158
272.2666405650902
228.86953878144368
420.81950419952267
232.4470012278532
477.9687235415634
240.60357742627664
54.66912356354423
259.49316681283494
223.5561204474451
263.2863739603391
52.77335208319278
265.96387581452365
287.9115695085839
270.2447961596888
167.76417253094547
270.34673405032487
191.53170563943115
272.0624718316103
450.31969346021543
273.6087901809128
354.15406711666475
274.87649975906436
143.04817529984192
275.49194530052046
275.8903564750381
276.34425314268356
379.75555666661916
279.7220640687153
244.5029450868474
279.9353947289166
484.59582023899856
287.6749658093615
323.9843845196281
293.3510439175519
119.95609745365134
299.60531141735606
368.5729831729247
304.5779829126669
20.771585387414124
306.3612256684141
21.522125802675944
306.36226017931864
245.3458779722442
306.60617226238963
228.62481507320865
307.66783239462893
242.64166437726246
311.03345731911793
166.41504599863475
311.9453279134299
361.4147927509287
316.849945639419
231.4939854629437
322.33543705450137
83.31948902904644
328.06576924713124
284.144627434259
328.8912784490094
443.68809942570516
331.90022444391684
226.82407429113476
340.34374941672036
339.1089327394342
341.5883976176267
333.70019813260484
343.5392443286095
478.8359730896681
354.8795613390219
28.77188607496348
358.99933162739956
94.2105690879849
359.3892699452458
290.7743099132071
363.3767845468405
433.92724008169426
365.02286287795255
185.81360435086978
374.4463330427307
420.1742753403102
374.5042742202844
169.51113982193425
386.5295201625864
300.49336451357664
388.67790265843706
235.6697585526732
389.9792152340897
244.91187957150478
396.350616360675
460.7335197783726
398.40281662734037
468.68014849710386
400.0981118693942
331.6955724455484
402.4549307193323
88.82536771395225
404.1858562329354
353.45672301398645
411.9655379375523
204.96493161648593
412.57231150464054
129.8308331733162
419.7078837955775
451.3703457887237
428.8653408776068
55.35187479882758
429.4732082133968
233.49893917666262
441.6400044007407
146.431280851598
445.0143084138824
92.84662146817097
445.01790850535536
63.44405689791759
450.1265147930128
135.10795132663293
452.98054325291184
303.230143790632
458.7101281364504
27.592231238260865
459.9002625102069
211.29521596564507
466.1793687613941
220.85444110642715
472.20211888475535
469.895640407087
472.30933767849143
283.0573166142767
473.6372842055961
235.28922189420362
477.9544260560074
57.31066479383386
478.8429150759765
139.41721097692414
479.00165432768654
397.27987274370025
485.19762577191267
415.9734001678978
489.8796367175117
413.5377837567075
492.7833829011247
283.45478055799583
498.750271426187
22.530659272296433
0.35721177128733006
248.02528187430025
4.438441903889524
336.5212127423994
7.485609598432509
255.5267160696886
9.369057253706204
469.3015369284532
14.55162965378167
410.77850591701906
17.348294732249915
324.60838443941634
20.907734086783456
209.01100383219318
25.252704548026266
131.48955771436457
25.579097536953846
229.29967019609632
25.619370326925498
136.04464204746517
28.24909328036318
371.62371935039755
28.53823082497042
450.5715481972508
29.005131933293235
225.9262803157906
38.8277500099738
106.71136872085526
39.297826524080364
165.09460719860775
41.046792169513935
456.1118252619072
46.67928678120295
135.15996047680122
48.595291102133935
376.48007511956445
59.515795077164924
494.83237080878575
59.65374599841757
487.79069695557035
62.836432083131086
380.49029764297865
65.03875514642843
68.51169440701867
67.03533843823728
226.7246849678079
72.95060862953613
346.2538511609203
80.04846708077999
352.8329224171689
80.23772870966795
179.779899490642
85.35528716139301
324.1174632992594
87.17403544329137
156.88651726989679
88.95836536422935
271.5120797913768
91.54167282155733
215.30508652946995
94.59180478863392
78.86546787382106
97.19800356556706
172.89757373599966
98.53358336257416
302.5332045434688
104.44393199706118
274.918500017893
125.79229001972818
447.8034580111702
131.41189999635088
277.4226600030017
132.37214298888154
182.10842725148436
136.3433629282925
231.81719335038127
136.66894968667063
21.990336704819107
136.8248801974483
245.34736795973637
138.29757507512016
197.55515444953295
147.23154554947186
344.9985897153927
147.81255453356877
388.2080430641794
149.28826122374133
471.9472041346993
167.57289397572177
178.7159964888783
176.5674724054886
270.4738274423421
178.33992076275516
345.25017622605014
180.4210826103062
313.8654537735004
185.3760953725132
492.4104462377809
188.04408611972158
430.13713723076023
203.76814060261245
433.1714034412817
206.46539640031176
101.23932952439769
217.02487847005372
364.70950078215634
219.6769538354417
1.516610713223343
221.09986787355348
255.93425737105036
224.9935226715756
103.84405860471041
226.309721807004
396.7226608886334
231.37907571203914
27.916523046615204
244.43589681320714
452.98768141269943
244.50249688886925
198.56696923137284
245.28061834871556
172.6999076367614
245.76537060148038
47.49541075443826
251.6397754487849
232.943905010137
263.0986728818734
245.166809558523
265.24863753820307
323.45691644229004
268.20301360315585
374.0701875104438
274.44185420672466
470.3343758402403
275.52624834091347
6.935559987655706
275.55917869344995
325.59059987603337
279.76282605112243
84.84846389408179
287.6742145536614
108.27346466468593
293.21657104711323
305.5210548874038
294.22381620144415
15.150646825560806
298.8373812187984
136.63715790330363
300.08676519078705
62.00288791785202
304.9059113641537
481.75601158681985
313.1224575938257
453.57613598777
315.4236356063441
359.8107628117195
319.77148587867293
2.7920891890879878
321.3953360802856
169.7448567479644
321.99334674310506
259.1804762682451
329.0630879497458
421.3693453711849
333.92688088990343
107.8088058988014
335.38282923615395
436.6556729861047
347.90421231941735
390.4829447123848
352.0316315936788
194.3293198217234
357.8996361556275
348.75421337999467
360.3102750201715
452.2687300935981
368.3092712396994
348.4168368204834
369.9141452511422
290.59906909845097
376.77463990513013
157.83155342140793
379.45129249415527
168.8166035329647
384.9941703790382
322.660765681673
386.2852492048831
97.47776367439245
390.083088724007
27.711377775663724
390.28039000382154
235.69632077712953
391.4221532796777
473.8889782511082
391.8688897132125
58.79748250231813
394.6202308098196
237.5440422998902
394.64862094663044
220.5321178329337
394.81719008648867
45.75637544668399
395.07703514483325
155.82488611216795
399.96423392072353
79.79260813409988
403.4429005880922
427.750426287176
406.07969815476616
275.08363812250593
407.45881768402074
43.17760316646389
408.1990921739356
43.74751419335852
417.0893368061307
346.70648546121254
421.0380466188094
66.83589171012515
434.34662556849236
280.3265765042527
434.42983189831847
335.0890465541417
438.4039519439232
222.31047872440317
440.70871293840173
188.9049806014379
452.02610885255547
452.7361776381499
454.037196075595
312.8276406798177
454.083123727625
487.82319176819954
458.48924540174556
243.73627972007324
462.20378134263325
243.16805578531188
464.0209809689708
12.509429559436796
469.7747682402342
249.2974817616749
472.45338917279696
100.16711498642206
474.1995138719616
498.7779414719341
476.8684598753634
127.32656512795279
479.55157897774535
192.0946349235889
480.6971112696321
194.84037187934896
491.7348582663017
223.10059404820356
496.07781672407583
3.150359071821901
498.27562065375275
232.56359503292362
0.858656901801081
409.78623531311416
2.217288069298409
397.95781630903883
7.717047147334182
350.3227106153579
15.166182641904902
2.9950283458955944
17.584172142272614
381.5676239467678
22.52358082445282
348.55486222361577
29.777145526942157
274.29850224932596
30.12156262888009
431.0321955416373
30.56495482023512
453.08911834646176
33.76911746738357
290.2801172565797
43.22534794820864
260.686586380199
46.84723390084934
439.94825372169754
50.08492844889929
259.4035235550703
50.83112156827577
491.0516270686381
72.13886184291455
295.8847356579555
72.23715257656389
20.599974548177983
76.28685847880807
401.1979974348392
80.26113664300773
155.92585565723215
85.9119680767115
210.88633404772062
85.97317574990515
459.21654023466766
98.11254094097379
457.670640305955
103.84893543232486
274.070477033422
103.88951609268808
204.40276283123612
104.15773843095519
333.0675086709744
104.24229724678369
421.8654376714561
110.84069161474845
121.817836862443
119.37262827715985
427.985168428206
121.29846093117473
325.17977449873985
123.62988842488276
194.0727678566446
132.81979539171226
315.0885579608945
133.11570807279253
319.7939289095602
134.1750634771079
309.58092868905334
135.51904858698074
327.2631395365094
149.0287880586518
496.6705642053715
149.99914316333843
425.82691450337126
150.41620442552056
267.4895724565516
151.13227204588796
64.33091000947199
156.49093753563236
43.10768628488332
157.4897533618971
279.65205147959426
159.64301637542673
393.05923357766443
166.75489192040445
237.07688033562482
169.77159109420185
211.9156815344785
171.73484725958733
437.11854369849954
176.20535331340844
7.595965591358287
176.2726440286765
198.8658277446503
181.36116597012239
22.091359963806674
186.64080807499658
398.65183559568237
187.60372792810165
481.8903008069339
189.47936165800365
405.1190289159426
190.09357119204176
262.31350114625604
192.13635046563522
256.63339753510735
204.54371258495257
297.5820399201197
208.05938944575212
258.35183529644223
208.57786818519764
73.46445768767556
212.38690253576212
81.25093173212454
213.50009154642743
309.5296635758349
214.85936450641393
2.1713692375970184
215.3603258683218
215.4749812000412
223.87008080244215
83.68984983152883
227.06320939926857
250.23254844498538
228.7442257040539
445.89962368311495
233.31265177264785
210.5025591584971
234.48577762150768
8.275986249636626
236.64603170582592
356.693840007407
237.67042873039534
88.79194153265364
242.45662600972156
91.01388009384353
245.8724441289751
329.8046095118256
245.9068152889538
10.177872017896254
253.022295361159
425.67896537237255
253.17986383994185
382.31772868533045
254.36682795279327
464.2975464350073
259.5182382547858
128.90056860136715
265.92024529209186
216.79493696376224
274.65471844362463
69.21964681113997
275.20761545530945
465.22467152343927
279.62367839743416
296.13210778225994
280.97650716739633
328.0037736563474
282.2018398069094
302.0409656495142
289.17369352715775
450.8600439911267
292.2185054527323
385.89250167420505
298.91834191383793
169.33570849634577
307.90968461095
67.13636105064154
308.9142935796875
184.66490279641158
310.5922784724757
223.66119231997055
311.919114010078
61.50079401457618
312.3198846229246
474.5142285951017
320.18584599787476
43.632849757014554
324.4970059765577
210.72517116867877
327.507702756786
202.09075239730578
331.4014775700338
458.0972966646906
332.0320406661262
319.5585683498224
338.73447899322423
440.6129032227361
345.0180814859273
110.3546776393539
356.08848877710085
107.30843428038422
362.594007525143
314.20293217750225
367.79793550958203
120.58851523935633
369.77203955783585
54.84161722657551
374.9854283381675
417.1833275729686
375.0108830039441
337.6949092503513
375.02991679519863
152.7662910873676
378.10764183354314
118.15785326930335
381.12110828679016
120.87017087156585
382.01345405200505
150.43726609224333
383.8596580145227
245.85179692073794
385.153112205824
378.97495004085755
385.9732874386429
484.65618269033445
391.90542390610545
368.0171894637234
394.7374749692556
35.33258037522314
395.65961098723216
73.15071258449913
403.78411875405936
224.6554768040652
404.8422781838224
244.97715686064586
410.032311117396
336.48001269628065
412.5227749927268
15.739490365309251
414.95422137826705
441.49609695172853
420.2918798822007
36.987767021289535
426.715431145425
354.60173818009486
430.87582377037495
61.2061738237422
433.09702442320344
334.5859116992198
438.2609629444162
376.0357124596702
439.8484140337747
196.56328469493198
440.917897764133
74.78718651273856
472.87736576015686
101.7554111487381
474.8279303098015
78.2095178851896
478.26120417730607
391.9697580094891
487.7159416639801
66.51519664220129
488.44278210431145
467.50244146673083
491.61302317368074
246.00348539602018
498.08852294226205
288.6182822841626
0.6832309520313535
437.5917841704416
1.4091982669641454
280.97985181237874
2.5033210152039276
174.29434712355166
15.847062346965073
86.07106099400603
15.917021033736939
492.87318621312795
19.96176785136674
326.46783125142485
22.689729049813188
383.17432157564326
27.846707826036926
268.9677918508969
29.555273278313113
236.94572509053506
31.765640470626586
209.92761879989575
39.70554840543355
96.82843297541183
54.48502309899066
291.4331741998516
55.673583471735334
159.61509909768574
55.67790725552737
388.8864539065734
57.147805514967565
344.62284619229786
59.31820115873443
113.53576365772355
60.200163652286356
53.12589501378545
62.4976511407608
208.12664281373137
63.383878308700524
121.21365517710602
74.85453449499435
469.6005432115817
75.38427267565518
262.7077825766785
78.6930085476472
374.16969537644
79.76029062801169
254.18772707517923
88.1013014825897
99.32708150499727
90.5644937886701
321.78584685047855
91.02350275191381
309.6369211126644
99.83141009714024
131.9378202931208
100.41250125596386
176.51439774730997
104.98914814003146
483.3018493092401
114.56203816992269
426.6727658683251
121.51038778182708
137.48700128975574
123.54331137728579
136.95052023118677
127.60387532905642
77.89297268867803
128.8017201894473
39.69536169748724
130.93146583910942
250.0925407336439
140.43145541929002
223.35671974534603
140.97462968762122
180.7484597581069
143.50118583045577
51.78727315869953
144.43910583082197
496.74586418569913
147.24963545581494
437.39878854579246
154.90681722703957
67.12063758628088
156.27143680279957
205.82223261418923
168.94568933984385
21.156701592296432
168.96178194156366
50.5450058439944
172.58879688171362
348.8355998801921
180.0382378686459
392.14492047504257
182.14148013012874
17.2212763991723
187.31487534993227
328.55124946651017
194.0947084305563
328.94107833446543
201.03208190998245
143.98942779590564
208.36536595862287
228.7468528337542
211.52955566088437
37.12645985074197
218.3682314630232
373.1070781319527
223.59843655193984
460.06599607571513
224.41728282927235
47.274380129413764
229.1107777438772
231.51747227513349
233.84981258984664
361.07012795851875
240.64463484571772
197.04450866519392
240.75416253629106
105.56758483062234
250.87717434778912
65.01229921403932
251.57057508382152
153.21253977570743
252.56698503862262
95.82572064017839
254.28545788702039
63.05717426602759
255.88191878089293
345.285671723938
258.262954382346
483.8208313515403
264.3816605914814
456.2791029922299
267.3640848915253
86.05121309748031
271.4852752187296
272.20306762786544
287.05084968321995
211.63920319814147
287.66191851290665
190.63310987223562
289.0561396015412
371.71651117414956
297.5291378731477
68.60565441658544
304.4728198652081
62.972408294750615
305.4201962886776
312.47276999480204
308.50968810356676
299.67753884131105
311.13345994496825
278.80988226315463
313.0107381885863
223.23162969626134
313.0929526981756
82.53265739286994
313.6623416945806
396.1137555368972
322.09992721960043
299.18588720341415
325.35646791124753
162.73615382126093
331.0478482094717
346.8296078747017
331.2079692560571
349.4953744465999
332.6060273994686
196.23769322395634
334.35931639927543
216.52387457365174
341.67967208839826
291.3120536137496
342.06307726604103
101.93731538388269
344.5438003144298
21.411361987358156
346.0824146080219
450.90686044696145
349.29259278031265
75.92117839584989
352.78331417765395
186.51642981074374
357.0552007995277
10.228534795942767
361.73000058291757
198.27808697968717
366.0775601815358
181.25588288875517
370.11728590457506
396.7370821058342
373.73550416260974
147.960905488449
374.59399628554223
274.5123719710468
377.7924809498724
116.98148161749182
381.90296185744756
324.94405133371754
382.64375789866364
443.2622325233115
384.2388114580666
202.65797324015614
393.88239581240356
4.996198259728165
394.4066960987672
115.00466597539496
399.4165119257885
417.9694961481349
405.662960614336
23.11229577480319
405.97199337830835
89.38139310235019
408.84713051060794
477.3020099815716
419.61377964198135
340.096426319983
422.984770048287
35.718390958231545
423.468002590113
400.6204373255407
424.67280678456353
417.3953498259978
427.630655384203
246.31689388434097
429.4905811974402
94.57453413253177
438.24482105228185
153.50763961977137
439.2044766318064
61.39850184991057
443.84428221739
61.99330089578737
450.6586184441932
477.7050397831611
453.38991939491433
164.7566815837824
454.0718061819003
374.31527548910964
464.00467174853134
307.4910193833742
464.9281895051481
492.2938286007351
466.61919318545034
99.74185038190117
469.15255457928583
168.76322905767242
477.5075907755594
458.1118420639952
480.990102308656
8.308629441387678
491.5774642481419
91.34010571961757
492.4712656756747
152.99232634847493
492.74891957514274
491.40566525035297
0.9040817655701686
452.2230707950769
3.9334306032372672
360.4998935349721
10.595085561513896
96.95003593249807
13.142132434525212
370.3074189317478
18.041779891667982
129.18240556415503
20.5798337460174
235.29116116366527
25.259016697565727
423.4118549257159
30.602415612906782
36.23686437737166
39.672536576632275
246.02902029225962
46.47911658013647
178.49147993814694
46.627974853298646
244.5023439768972
48.07287500655765
48.097390461182
54.24667192807812
119.56582597369753
69.08532182361233
207.6196743489509
77.4924173403228
342.7642763914067
81.91055694719918
394.4844170691589
86.50884869596453
73.23308952810162
102.16749605214332
256.8155823584102
102.65248680900177
491.61792334146094
105.31925456790287
440.7181467885931
107.14703303038837
218.34709793538374
110.16076792979729
75.88217133179828
115.05835720024349
122.19803985689354
117.87677411488202
149.16656966372858
127.1981565567712
469.09169071868064
128.2390666837552
188.5699874841282
128.2921433212911
267.38632135338884
129.90803712656057
176.72439127839192
136.4321383155015
467.7161437870032
142.0918500999267
420.31972071147214
147.16214020447168
237.50049114602098
148.42265632110463
0.6657047006130236
155.5365104065051
237.03240185357532
158.19714647853795
167.60898454560666
160.6094704610584
298.30204339021975
162.17837557913137
163.83560857907736
162.2908195614089
498.4784992112852
162.72618913143808
87.68874778774114
169.94735408565202
82.23638532238456
170.7757488045423
427.2622093283688
170.94572841666974
295.6402791053719
171.0609831044208
222.45757993098152
187.64786662324536
108.62381822133892
189.25570709665755
496.5569041972692
191.5626917743865
126.189910469706
195.5571784665765
473.36651012042125
196.41578024111294
114.87790115064789
196.69936746443855
438.1931130868844
198.83986582087562
449.63762444288335
205.2573798724797
487.6359103722926
210.4573582446398
282.95733789512275
211.72919610940795
329.3089728730051
213.75496416003503
462.66313140486494
213.83994681795775
224.39076145718954
226.50950903262765
31.892284367405765
227.9702136157716
149.72796590209583
232.57692822143522
20.103532120716913
234.6935902731841
347.9949549173435
239.71940051808494
273.02584761426704
251.55037142627322
290.0155421563367
254.6337094811459
215.69235306649557
258.8728878907487
63.53554079722671
266.28667234991616
175.60613826116554
266.3454811510097
158.9843987322001
267.35786041560993
50.64213845901165
268.67430309573734
455.06430120495537
268.7979951591983
188.9329514701941
273.97591270774376
463.85778315533537
280.4560331106323
75.65878241863442
286.2037904082843
364.179722272096
292.38541422964755
278.95716400991944
295.99404724410755
418.83342523302883
297.35769307041113
434.38361240672305
300.5187421493702
177.4803014118499
317.2016048814419
30.386948667174945
324.55441103626225
413.1976238500524
333.5336890458924
388.454822669016
333.7835752001452
168.47425354738368
335.3164923848118
161.33694573215334
337.76763008227863
352.0715817684827
338.01310917813845
397.4221869357176
338.26047341527635
439.0391691299179
343.8775134814224
71.43005480161813
348.38485153890645
198.0689278442754
350.1111745510131
254.85361802133593
354.55107341145765
354.7431736672222
354.7401995639587
147.7912108740966
357.52981620139025
118.51962463945812
360.60441536853887
362.669279435057
367.8312945500004
496.65915725748835
369.74780161694054
424.7674538492214
370.0662590307822
53.17832390408232
372.20234726830523
423.053177415395
377.81457767511205
130.05082526704905
393.59528143389065
308.34722534162603
397.31548403763503
352.51245462197227
403.0158336594571
295.93002806984714
409.8184791030289
385.4912158229268
413.9294399243832
446.57288070485123
414.84574750617924
211.8703865359476
416.85467884906996
482.7662645811639
418.62976144949283
204.93474532577864
419.51267735689015
359.09617366008706
422.58329326188687
303.51413150300124
425.3962895789035
289.92973291372186
425.3995577048118
243.22468337567273
426.6260800353559
207.33366483390273
430.1086936906163
449.10807040559763
430.3831791400316
428.8055669688959
431.66582422184257
409.49457100799685
441.8113454147297
361.0118754453671
446.3588242350354
315.18984120323677
449.44457419367774
255.00944314649698
455.9402071444023
149.5231075270859
456.4914058886137
181.15623529527915
456.5447767209087
193.45647127838123
457.9699847796058
100.81354319967201
461.70268867529774
140.9977713614964
462.0106196481335
86.63718985741892
462.75317050968573
363.6365897614179
476.19357824273106
20.043464388197886
476.26964625922153
19.29196494193831
476.30778317147525
227.1273701746468
481.8581223599508
61.47894638609737
484.0965203474422
319.3207076831857
486.2209571091192
218.2622300126127
491.52070888516687
235.6831705871462
491.63288039901585
136.7790465010631
