256
3.061516541015969
392.7955536401051
4.376930661746594
111.05326194966733
5.844929399005291
142.68323806758207
7.226374149588402
385.49351787939787
7.731544251474582
221.1566284312861
7.9877565317039565
339.89514485724607
9.133336374935224
227.3092135484018
12.071740189808974
72.26539121709833
12.508115251300755
113.79833947190095
16.029569420492376
5.679374398477874
17.05315588984244
250.48615010320572
21.328393669511208
36.84509560815216
22.91933606857032
46.20248152778115
23.265498597522775
319.3204669726652
27.06325347084445
449.13087284600334
28.490072381918797
352.6212404695905
29.148975955024998
22.955012673928906
29.61369156996622
56.329816041157464
33.11704308269024
470.509410071243
33.664516779066005
50.900971520913465
36.82720616796169
379.157954199222
38.04162034688243
278.18501802197187
39.10819839014351
495.14943796855675
42.67349621650182
226.7804380080082
43.39998577149988
268.7841481364868
43.73780273856168
54.85489131247777
45.264386028613345
309.5704551576057
46.03502787564014
473.39676705777583
46.99994877172739
427.1569365049464
50.74558661890737
459.3544970162888
58.23733093462695
12.71525372651988
58.53574396895051
403.9354915694225
61.449822640112494
428.72252704449926
62.07227467959287
274.27534977094064
63.219594831008784
23.03820604072857
66.43258953219912
407.7919434571621
68.35048667212786
259.32521240918214
70.86534785944784
325.27822124386324
75.84357970318487
440.70216391209937
78.62182330061145
386.874890310529
81.91162976372404
193.9663746874343
82.42865309839222
62.21766817375093
83.57291603184714
481.8291748830014
85.94787311428566
40.98473711779885
88.45572493118577
43.32692646324048
97.5892261075604
47.47683026828182
102.46331609418017
300.32806954089597
105.01893474960325
377.40335003940874
105.15057187047651
176.86809889773198
105.95554762278688
98.45096233605389
106.15709624311215
279.5709403258692
108.38180670770271
495.0676271854372
110.24242459814097
201.5104054799038
110.26928620801172
7.415867559464686
119.96362631191421
108.66915879470429
122.39276690822881
421.6774905381673
122.87674383120407
209.52858165016625
123.47158736548882
83.05364101359307
123.48324773846396
449.5038687124605
125.04896936142217
115.28698382982097
125.10252195594224
105.78728712539302
126.16372849916242
458.1596302745268
127.01121981602472
205.32310111062486
128.05051002689927
126.50085437262712
130.48762677795983
381.2854587735335
130.6994249525052
407.8809077277904
131.03766598774683
413.84688959905924
132.54646233746772
89.48263637741718
132.6850279203647
195.03631438319485
133.10198973879466
309.6254028500131
134.51765462208562
465.81724958983756
134.99281528791914
25.43161699307777
135.52717030598237
136.02011757542633
136.0672555679268
113.04061991011201
136.3013774568265
33.17751614232372
144.18925975486735
245.3826458322722
145.5507573198611
63.59327080112338
145.6251950306678
116.8016343356818
147.15057914018848
453.34455772302664
148.21014787434407
167.50300912998625
149.4870492637841
91.27501854512731
149.76466950087723
321.13526881514923
151.33692109040567
169.2062289294494
151.7991270634948
453.87072366172947
152.3196002182446
301.6185315908599
152.6213676285151
260.4816403360134
154.08707613257255
431.194494309618
154.20721872887958
481.1833634299065
162.81012985192416
460.42404696528337
163.37095017123292
285.16793928409356
164.51752098766374
370.1797758600029
165.8312319044857
292.99653556236996
166.5013536724611
467.25281907510043
167.5835099474744
221.44252856855672
169.88413967185133
474.1560603609455
175.0154432927956
228.35941096440814
175.25204117387756
10.564272512308694
181.22756346591788
35.44926552264707
183.5114033572608
434.9192097238833
184.05431098296876
105.30824275840011
185.10908802146446
121.46120759113369
185.37676528924376
350.64095290517406
187.07300171804758
45.34293612322805
187.59458128792596
476.1100199672081
193.07915551440442
346.05429530850716
193.10740693329348
73.48423989544462
195.97262517974164
31.252050104342796
197.50147572017602
224.93781601990153
197.5618903537043
23.617432986108057
202.00292762352117
81.37600258291252
202.64477304775878
99.95856977300649
204.52966685651882
250.9977991166247
207.19804429244616
33.46717273572304
208.33342673113023
184.11351108911546
208.54338146301214
443.5934273902922
213.34008865726642
109.38162154593218
216.069761279165
359.6351359001965
216.27374860803187
353.0177981603796
220.2829982375786
53.77084218633154
223.44291694146457
423.5389667132425
229.13686492786016
242.21536601995908
229.32990141117475
246.7552217048201
231.24040244471487
18.395717207374958
232.55156090892976
316.7775096606953
235.83062546852682
376.74260953200974
238.068081547379
29.00016105919347
238.65339470064472
33.52154780168165
238.854587022187
125.80609534187127
242.09425914748985
147.58266121602847
243.73580086670285
65.37605215256578
243.85152270938505
202.63339456037764
244.43127632690656
133.88392699603475
245.2017513696505
484.2231291870643
246.14369047192912
8.327000572879612
253.54962917005702
494.8903237893753
254.41404684626247
322.4641090785389
255.07411490169815
194.7453735456948
255.5506839635252
286.75641000283065
261.53620424177564
213.429983683158
261.8540083892661
45.573829130622
271.7745427058777
108.56701779548698
275.0687616281016
202.74345551418327
275.64234647846155
266.44671649141935
276.5289397951297
194.957541805698
281.5288241350341
15.73368342580944
281.5605845814509
433.8140549653033
282.4991385664197
168.98796480878133
285.5690768068669
231.08043696600214
286.53936901901085
354.3560983413586
288.5586616267141
21.39380841321776
296.069449956664
457.1947658672758
296.7058629154106
59.53462006793111
297.31041379290684
325.79833626675
303.5754656185395
117.4250903679136
306.49044544142083
217.68706298357122
308.2464196434768
281.1914487184996
308.4335583962743
236.22336226014355
310.6348626916947
425.47321841465646
310.7816421149713
316.24601630725806
311.43860137104645
197.70897553064225
313.10175549954494
35.00524497293478
314.5133313312946
43.44660828085702
315.86732451643536
323.8032003700747
323.2229435129976
203.4135485892531
323.5462967139304
412.07082920670615
329.1535664641315
324.5171177862755
329.8110475883263
422.2243614830143
334.61228253590014
370.7546138759849
337.02990845568684
309.58270928985183
339.401972263911
83.79502958442211
341.80955030745855
321.0651336133004
342.84377865822626
410.57423897430425
349.2712642773796
140.51086353937842
353.89733430265926
222.11277216511533
354.989877780707
334.31453412215444
355.8422319469438
269.23188383975395
357.5296933424391
408.1972008502706
359.2433847559583
223.3956282837079
361.074929759254
51.18625885535581
362.72780805974827
238.9755401186998
366.5572445567405
177.87605264516486
367.2674363624592
189.6049111215179
367.4804749736007
408.4362953531894
368.19094636635276
315.52491178285123
369.7899549747503
172.4927453826062
371.446847236233
337.0875526088713
382.1162985076464
333.30660600799354
383.0478554701813
237.16197567303115
383.5363042710333
259.4492679105018
383.8162889259463
142.5801616975105
385.5329711571797
358.47934829616725
387.99632846006216
212.1550924620657
388.2886812689936
418.67356012498914
388.8989490495564
431.23674051888383
388.9614390781466
484.83493189809815
390.9292022725795
308.91272646866526
390.990183972439
279.07509552594746
397.9658453906972
400.15881830149704
403.81356469276324
330.0939729494296
404.92742473261353
373.5602840421295
406.7391428338421
404.53386504733453
410.26456284198514
473.03471090925535
411.69049462021775
315.40503836517877
413.73956503473386
58.21298805449017
414.88815753238345
409.9839593145036
416.01295625035226
286.16419890398913
416.1235828952365
294.2517685005307
417.17340623180405
39.86673319507638
418.0955714354024
85.3957754480653
424.56278694334264
246.0485253532246
426.79232568884555
203.15525298078842
432.246350671563
0.7615966215286598
436.94088076895315
337.30450102129595
437.1166121514364
159.56102149198074
439.12855203697774
430.934996566598
439.62031878498595
39.816635298464774
440.95606058574594
325.3428004530188
441.67527395128354
321.53064016554515
444.38268917611026
446.6816506924059
445.5832453888422
365.60002307191894
446.931391055016
159.49762417803652
448.5592970786804
100.35396429173775
451.4040945677845
52.25727712984017
451.6816464004618
191.21559720328267
455.44301628201015
259.8130970663254
456.6861928564414
373.5961248341875
456.762103032181
258.41672868878453
457.7062882708909
281.4584953080125
457.9685786672916
449.4650330964273
459.8824916713154
465.46304532990587
460.1155094848214
458.97807680884756
461.65687646274574
417.5154144995413
464.55008088939843
60.28918405508362
464.6784210494059
450.25638755827373
467.02005760772965
185.3151088468319
467.4074684100317
154.20019779288654
467.6714143960026
209.4524264310059
468.30514091850375
131.82311849258383
468.4344009411178
174.2874461383133
469.0755094317117
328.8626750166611
471.50631790767443
214.3133398009941
471.58999733104366
380.25438754066744
474.3641841424975
165.25999504998438
474.97136169470355
444.3685105909004
476.24906064181914
161.08065469410505
479.795589513
155.43865665704922
480.09016277969056
340.94708832628993
481.6212199303994
191.48098980143263
484.54505778422816
22.044990769910473
485.51742348981236
174.63629764398732
489.60978043786645
371.05873510520604
489.6682248321743
74.52987669001605
490.4318088026822
439.8773441456065
491.82774123191376
10.330643383107986
493.4303622065702
436.17990790591205
497.1368481521458
480.1469793799686
1.3548756382383997
105.61309581196292
1.670743926711117
496.8239469521263
1.675699597142568
312.07890381814195
3.124743315841859
457.5221841636979
4.395079314633991
136.92701977198453
6.495551609081343
252.72627650679186
7.9964058565118545
187.21872821383144
12.989261826157993
366.72074882673303
13.868159928686556
373.7776066469979
15.622838394654034
268.24148514439645
22.081931920866726
486.99593302060646
25.180965700809356
167.45516583220092
25.963347369500955
234.6469597338932
26.011301270852837
165.18054916011576
26.98684949597624
321.2828648334281
28.071765385346453
251.41196885205812
30.496844894477988
70.46082754538685
31.31942479689387
256.729407818774
32.66866376492474
393.6851139747471
33.610965608415384
297.6119771777982
37.35693737448802
278.7806772579851
37.633433177517226
481.39308357998567
40.516149876608026
178.94722641751068
46.55810675711404
258.3288614272134
46.77331730137743
348.4863969260386
49.37474539956985
252.77206298345624
49.60887600735188
114.22582919809071
52.06375932121061
311.81113839304135
53.74500152247926
316.43007521651697
55.51818679344067
174.4228625489195
55.92216540104874
104.4182249621004
57.83688185091948
23.308528412910302
58.10439913064513
40.297460345675574
58.88419026038503
345.6896288714302
59.92926129485093
395.2942754750729
61.329619204388855
62.4078747973819
63.95068756364479
478.9593386361898
64.32034438329771
446.06645781110507
64.33922746999471
434.5788412947037
65.23276188845969
439.78387745629027
69.50964720579837
492.356803686555
69.8944030427417
147.55401010296976
71.81985701490214
288.9898861909646
72.64411437079124
265.5231439499957
74.54492099059759
229.17051632634968
80.4996159088117
213.4217398137594
83.0786893862046
117.26706466493334
85.04206842015763
225.9941669109383
87.8102213425607
143.2112286525951
88.83430171593938
165.15468029315173
92.19958540582611
163.67986659082652
94.10250321296334
156.8000283518098
98.30367641306616
497.2145827553889
102.598563070025
208.0074173608179
104.93787818725201
441.5292360802623
106.69554939781305
246.2231394195166
108.03544872381518
421.37529745891453
108.18940748153219
0.7390703119655259
111.82152724559934
167.04463523294626
112.14769268197792
489.7451237560356
113.90006703689346
492.22429445151977
114.17993932193882
333.02211983498
114.55313224908689
23.654871350867225
114.97908547277542
272.94992813818743
116.1516296005222
449.5091487936661
117.75477003715294
18.946970319521306
119.70873052905283
118.32540946579795
123.18321060147528
449.6584303844594
124.732387848588
403.49788797407996
126.92300864115397
30.693827690069416
128.9049686577187
31.428878046739015
129.27276604392696
14.933218786948835
134.3012689413904
107.75651165303758
135.7049549188147
365.4188806594663
136.10961469089514
346.1789355425342
141.65161363224388
448.9842763320718
142.74379846819645
302.9851055102281
148.22702198663185
178.47412418524726
149.6137842337145
240.84179137994786
156.40813423541314
259.10792845554823
158.65013926714312
248.54550275115935
159.05629252724364
131.04855745937743
162.36314241386788
427.5386482682703
162.6935212437235
247.30594633968968
169.21788284272847
59.4541079336168
170.71975721825666
494.4694852010174
173.0492552010103
309.2376299920824
174.76289091299856
214.41857123735755
175.2977993031545
13.14579827034262
177.46093377784908
308.23908788474733
178.07947208109454
322.1491686392885
179.47806084247526
371.55162849820846
181.0173146659825
145.55660499878923
184.10265022716948
89.07883794296608
187.30928142826693
242.45944708978368
188.8621080387881
174.05144760780436
189.45761698149042
171.97686508826524
190.14460480287988
111.72002792038354
193.97231213990838
295.7575746698228
194.95887127068895
84.51928859318487
195.60376881581246
366.832094931268
196.17510332521283
129.49885065834735
205.4111346735356
28.624599091653348
206.24984268216116
61.972840416819096
208.79852872697057
113.33464822689317
210.87295070965362
446.60363512710535
212.8894305904906
417.74011329390476
216.84412060593857
216.26987184989716
218.85236524532135
465.6278925604915
223.95184290015737
127.95097542621633
229.0200141377417
103.78685341162573
231.25183115988838
377.1442807422953
232.722172714177
320.25206215115986
233.02601365031646
171.18913531336895
236.30970456645935
456.49985926303265
239.33922456626806
31.685356823776026
244.03074038188015
409.05974780853654
245.55806367203724
93.49279041688055
247.2136267452097
95.2679657022392
248.4896577005465
459.4650294079316
251.9197263410778
31.29661594060042
252.96617581032268
285.87739369526207
254.03662371664336
322.55189787183195
256.31389168472583
388.71378931865553
257.5955976658883
370.8912380791271
259.7898335504617
203.109512601011
262.53865842510174
8.184163631281164
263.5331718252413
93.85836037528385
264.689172412326
491.34409310878783
265.40164328997537
292.5927866604158
265.83489990287126
36.68612468624355
266.37181476574136
495.96027183989804
267.972832811509
394.3327680822399
268.11449642308986
230.2520331207099
268.6994282310245
402.3895376247384
271.0261971417652
422.04362145717386
271.50756203434435
172.58509902792701
278.33267674173493
253.67820920686452
281.7450876461795
187.96114947562626
282.3302781199642
184.1128421814206
282.3597338374709
363.0009467960932
288.78930161851235
433.4361820045154
289.23825542575065
251.5384715360339
291.44875983927096
230.39892646100537
295.76969735183985
67.44352233855379
304.3460574459105
225.38107972420346
304.6464006878863
232.8866908392602
306.48483457448805
349.25126912077405
307.0885538911321
461.88236532791814
311.4904971979003
42.343405664913476
313.29760225720776
211.71965931071443
315.4562207451813
427.6309060179899
315.7138166620627
411.64964208281015
315.86338754357143
199.08891618190808
316.6942206448783
498.6419374492101
318.21529954440786
55.632983866172964
323.9410890904734
172.17005648542946
324.74747198207484
341.8620008490335
325.11365830697736
187.4692670312131
327.5017443103347
441.09489134478633
327.8600573617751
156.1686760558718
331.097376243221
272.6682087479921
333.04536346890956
117.05994560417695
333.07189550905696
33.566627899485674
334.31028908035205
245.10000682176454
335.65565921317466
336.0333527614416
336.0736844403963
126.09762767272979
337.373051803952
233.92233484456077
344.4676748814737
171.1661418518596
349.10702700848594
351.2546393040141
350.75780998921215
47.522633511161885
355.51200303200415
496.54654083602816
357.29307001046726
106.1785394021261
359.94370435638086
149.42880634047384
360.8820646528975
281.62589845804536
361.0620063045294
46.75956617334858
362.8916823202212
1.5138392564995446
366.0341719053102
144.32023945336456
366.77989714396017
462.22784776390466
369.7592801094869
288.2635992096496
370.42651306636424
235.08609655982548
371.2683014070018
10.110194699047733
372.9981790536707
213.62768671668485
373.5305862386299
86.20607855446174
374.647441957062
231.8562375797395
376.5441455402776
253.39997421361838
376.55974299123477
252.0156524022234
379.11169036406415
238.74079328141056
384.9285519961567
73.28918050088673
386.25568851371435
34.214026772270486
387.5426486103095
165.91466491490996
387.7243285313677
101.21127820201055
389.11027848142453
9.331236689792703
391.0456499444402
400.07480477608334
392.84377842296516
57.59890146316751
393.46115633100777
43.44008509905922
396.3663252590801
252.19196791761942
401.80527517803534
51.03420110689942
402.81063765429536
263.1131403804831
406.65659231397893
228.9821618449123
407.2033090164855
106.03331323417393
413.2691908345866
279.9285839135357
415.37238026330874
343.7539647809756
415.417049062322
124.96425056517081
417.35957828415593
67.05428783634936
418.1673988698033
128.25840708726474
421.4626983108634
437.91829381112416
421.48712402575165
106.4625048850927
422.03435448263906
218.34803989887646
422.5334887470988
51.049019065548656
422.53403368047316
126.66454940612911
423.4401671457562
151.6317669195742
423.7343628608048
54.00981579983953
423.7653503825377
75.48784701689877
426.41634488975245
98.8129844141485
427.70749016157225
184.7364389966054
428.7949547703071
375.820276284392
431.25629372890467
217.2713082560629
432.2532913772107
426.21356673391097
439.5795243406857
268.8197608240146
439.7490098489404
339.9605487577252
440.86600192224074
419.6045330499368
441.73676002059034
101.30605566758757
445.20338588789656
286.9445749908529
447.3702045090144
91.39626848032923
448.04775534242157
16.5360548615297
448.56321818796255
490.5052939630215
448.5695594443646
468.131497712056
453.3698016243237
488.051772018216
456.0179653352206
4.299783533423999
456.07527549608494
498.8843293658368
457.081909574374
480.24754034654427
460.15472738854584
359.0504392276331
461.95185903161615
107.80731429847478
464.65059519776304
18.005726493887853
465.36369479781047
289.37086435802604
467.772239113419
350.4319486230285
468.44325168594827
402.2941589125946
470.1994827906178
369.5205829555745
470.6574519521015
160.32817170644645
475.8438215160518
460.1023945729165
476.1990593409833
115.18096809634773
478.88437005899067
319.55203665270835
480.93199351560133
410.68824122631577
483.0827529973952
56.907285864455865
488.08786544940153
344.06666564644104
489.15381779800305
328.9785967383765
491.09340628741506
413.5220909598693
492.4804187332199
490.8733045159971
492.8638388557945
103.85827647054438
495.89517323215
200.35065400319098
496.0919600070756
253.79819784728565
498.0399053776954
114.72277167701246
498.0576544277951
324.32146711222157
498.8515312940674
491.7479381763409
498.86370118987946
350.7863696364291
5.233199834219271
426.026702017661
8.573456758356597
111.04357671485499
11.642762697745827
154.32878541758055
17.011965336729613
413.4147547930621
19.51505807731414
390.96767307076146
21.733522655664146
6.244750265889728
22.7495281862882
162.85287333509982
27.873679807126695
199.2586891571836
28.476173207396187
392.09517976440173
30.06791398393742
56.89887024263069
31.863168478264033
172.0252590663421
32.139470895703994
332.72395039165553
33.66585635343711
468.3698680852819
41.06192584100693
286.87674869143115
43.37259829226961
183.1977174289842
47.09675101374036
411.3978806097107
48.18106453727237
417.23227801750716
48.964201853580256
422.45256375083306
50.395350364247406
163.60567254937033
50.618802408951346
185.33396728595815
53.93136500856693
135.36162797430754
55.80384997793361
318.33952729712854
56.935409400795834
192.16208540411665
61.217081431072906
299.8728705000057
62.745774207509385
326.36014204279337
66.09044209780528
343.34823491627384
67.86928602102707
226.60770109659308
71.20032415954375
0.5889191362455499
73.23338284454385
167.9842693216883
74.8934527109193
106.53654641168018
76.88488163648752
193.30893277258787
78.03033348030742
210.10760979460275
78.57764666084691
392.53642007675796
78.87405921811263
338.52941546707575
81.44354647854952
103.20993971547063
82.83516545628943
444.64491522342547
84.78376890178633
207.86774256757502
88.94307311247667
224.752512071294
90.32114300659966
163.11040623265242
93.63291716375687
40.32656565374117
96.05334626490539
84.17240385121247
97.38639280956068
104.25061556012591
97.93081768782173
397.2872518122049
98.17148162192812
362.94429315086035
103.27884284315743
23.36530042023543
105.38205003602154
56.11011542413111
109.09820524697211
381.5813611846555
112.15825321008721
169.65452860210178
114.5075370969804
1.3493497729516224
115.14708570416106
434.8150033962707
117.53222809026519
458.9654194964942
118.64915913295165
435.86213562014217
119.22145537765664
31.955168828910516
121.53753803122653
325.1867447088594
122.44119779783189
354.68206107256094
127.38449907135917
95.905624254405
130.2839713183138
445.7619579709878
132.57080623240685
99.77337847973551
133.4548929228334
150.10221857854938
137.13417189493347
272.53141892182816
139.58595126736014
369.25299988171776
141.922334585461
158.62848815278687
144.54449000299803
143.51158294471816
146.06448618355057
97.37874717420095
147.8300808617136
167.07235368299828
147.87295399091073
53.88385350887492
148.8809800416607
450.4339180944071
149.83754490855233
278.2629777823371
154.13514758214396
147.70987326259004
154.87433045737816
219.82306962750002
154.9479284058604
377.48423450504873
158.722263772252
332.28574149063036
161.61897705155496
102.87435255452525
163.2886944239954
309.1975318583295
163.53337349585013
212.3966237840831
167.17824380034037
420.11326436553856
170.39804366019146
298.560521455114
172.15244263173798
219.1797956216852
177.62216994004675
472.97532828624696
177.8738681478223
56.096123170308914
179.04480977103665
189.48414476034245
182.56772688087295
276.1192222383226
182.99608228783134
343.8595358393703
184.71057922366455
67.41006021129587
185.00488194960715
482.8905739964437
185.67681289338438
221.31938180269128
187.34031877398195
251.74644728375645
191.84963380050377
23.735274961485846
193.91087016075898
497.75440261696616
194.6910828585313
344.4818910089712
196.49120736238226
225.32511222885543
197.41494336304828
51.58937573793106
202.1037239971207
101.4922723302774
202.17334301246703
337.4097356654261
203.4619438123664
447.5680296954296
203.51211668051582
366.5937430305931
203.9431537325475
302.99389899044104
205.41337738973857
425.6031235233382
206.86600959107406
132.1801421934882
210.69482699231176
389.72407517442156
211.32941342931193
186.15303292068353
212.08407874283006
175.16780939646898
212.5078023780794
373.3048657196725
213.49788007999894
375.6378717807101
215.1330968899775
1.145240553693003
216.0313066433696
241.54150302252077
216.53341286199066
211.54739892754432
217.1048564412265
476.5294011080612
217.97424547414954
229.51904592218918
218.67177742601044
300.3727110568977
220.03963089755166
13.203781498886062
221.3741375655831
293.41693836784737
223.1027135628424
90.88318220985795
225.65010832972013
122.74356094311467
226.81978954188818
126.93356183543662
227.49794087723038
245.86396817879626
227.70426449767564
236.4036571571373
229.31877776043325
8.763226048766562
229.95380062309388
181.977823673589
233.65803655087328
132.8715614629424
233.9185023656999
107.06654949090385
236.65997222771108
136.66245015737516
237.50122464366774
129.1174316106588
240.22881797325195
236.16647954586307
240.8390042175175
134.08512745716354
243.18329534320975
3.9388047720140085
243.4097218990227
297.9872328085469
245.68066223277435
299.6969624347737
248.85286766372872
231.35260034246153
249.35389388994653
150.32124426988764
250.01799241390995
237.79522273015195
254.1943788863364
50.81617988355534
254.75639810618708
69.35736621499967
255.19263658882534
359.8271025393635
257.58896352743056
374.64478272461866
268.3753914007182
107.7969882423095
271.54226514989347
68.73621474627637
272.4152608460736
260.027192937562
274.6632315392559
234.72443088915813
274.7167256219723
106.84284005079502
275.7053636849994
135.63486310436818
277.38073573152417
490.35740137966184
277.4908997010927
372.8748478746096
278.9259365444728
387.35115885692966
283.78235204649144
322.1745752108238
288.20733879766817
324.963443928619
288.7336168536852
30.084306945929406
289.2203618977272
421.9295406783949
290.3472804612265
138.59769807843838
292.69655342894663
204.547767289532
293.78126055223004
312.56456485161016
294.79415262819725
239.75048614292487
296.188577992491
382.4462177968689
298.51957824130335
316.31293198896896
301.7613061936648
357.23931937745056
305.17927565080515
203.60120760231467
309.53648378929273
63.288589817741155
310.5586941679327
251.63283221372967
310.9289206728182
473.18712602457447
318.0738800335422
89.16501404574139
320.66556800045163
412.9453642070298
321.2283350034756
485.234778043188
323.52358243844395
360.49438315693806
324.85632372010934
409.3917765789014
325.7265458468401
161.14501414508038
327.34563773268815
124.9296991433541
327.3616831942583
227.57298280277578
329.68862237904915
422.9357754400547
331.92687641038606
483.3260145236799
333.5614558690391
93.55034430659602
335.9567082834712
429.9009672145991
338.330231248105
447.1309849215814
339.94197847941984
28.077098202394044
343.3469679392167
399.5606605219383
345.60043605804276
474.1344482655743
350.49113797868364
463.06774250577325
353.01799399925494
376.15155237730784
353.3316578457059
128.5712675772715
355.5593559022842
459.36752841873886
359.5944549257013
65.85720983421135
360.42074075945874
112.37112010967013
361.7975432785284
308.19884933760295
363.0596428443763
263.3327731162441
366.4502866950124
21.954512440193934
369.123034790303
71.7995469958093
369.4249032305572
388.5102411609007
377.0683323659882
242.2514251343925
377.17630977477313
226.88999439970505
380.6825303726101
16.455305195597322
382.76132631230416
122.29001795036973
382.9924560150183
85.33219926264259
385.51442165976243
280.70969327200004
389.6352245255987
230.03049061083746
391.4160055713038
214.56758059333112
393.58210725174365
141.51884693506585
393.80159132252965
410.9645637148266
396.289490415674
278.95211675889993
398.6777327084948
119.15268093443478
399.5401868296994
431.4362496925278
401.70794053659137
296.2683444471488
401.87661423507177
475.92045503235875
404.58046452508995
196.660105021357
407.3726046104797
149.4113065093993
408.50597050058093
93.83366504761695
411.14681200879033
354.2049375149423
413.159276941546
7.496728910183581
414.89779773221767
321.4397954880135
419.29715034990954
68.09850265711442
419.74266606620927
355.75686059175797
419.77827963525795
74.13417846953368
420.2472201394763
274.7958799829757
420.38458446558366
156.1436660698552
421.94222022460156
490.8039911963417
422.33389965076645
366.9865369654045
422.7520380784888
238.58509668015438
424.07489045774037
47.9212260942461
424.15426229623233
432.77726925735135
424.55638461108276
357.53777804175655
428.10824053071883
111.14103233484468
431.2259206402169
498.1345111387732
431.4411122862318
144.93539802626537
435.4986996376229
482.00828072081674
436.1385950410792
337.2318842206861
442.4011191172215
484.01223156041755
448.6103352493663
17.773687751838025
453.5219022445179
92.33612109699617
460.1374819316394
21.469977903167454
460.366604397665
301.3998455332643
460.5550947792809
335.58660169194246
462.89706638809565
161.40882388499523
463.1266429750244
35.49808130032722
464.68722473837056
149.54631462625423
465.78515635981466
321.79470896015545
467.67365033161866
342.59132195313555
469.1338845380561
433.31097235986323
469.6578920641595
49.57541465921626
471.1483121650049
374.05585296854144
471.44161118793863
366.7415533247441
471.5250973645742
373.81590000643143
472.61748355015067
24.23515217967105
476.6952031774963
91.8934259431268
478.3915215212182
342.26709969177193
479.42084205268316
229.8630835628505
479.4613449156226
41.88919032951644
482.1918798362032
108.78421673854538
482.8612637441821
428.5362734416555
489.41572505609486
223.40287072403933
490.24455704619277
374.5913476952182
490.33613120336554
348.64751342724736
490.95059394190173
237.51398540168097
492.1640942152188
394.3054343169305
493.6948872161352
210.11649144649726
494.0423523786352
364.95622173727645
495.9586058451662
463.6471935893282
498.1621875561349
127.11128463137025
498.58070299409866
136.38742267573895
2.876728158200343
461.27862250086196
5.731882118745227
400.00717165894935
7.454040857819877
2.5957492355125877
8.5447790836991
33.20119452636748
21.2207306925278
347.08229726427186
21.56559247984432
8.083914245774947
21.792682869320505
276.41411122573345
22.4771432262458
64.61945258161694
24.43818025166469
53.18371434956172
26.428017231843953
88.40777013315329
27.60706167789867
480.8760164387996
29.34029846838082
348.0230379969553
30.657523166606246
19.901893819206816
31.3733850369405
254.91691663925764
32.72893805758868
428.89043525846523
36.460093271517344
379.5372422203139
42.10900459616258
117.41776545775093
43.496841926883235
226.33052522953872
48.872128284006735
19.856321555018095
56.47874020805764
458.52165329567435
61.97196383237874
12.854458353771523
65.03052728348155
468.50685426264624
66.89926353379789
61.50505163582263
71.39234636761238
467.3440894314549
74.83894318369016
370.7481786920868
79.5191668092475
330.3802353861252
79.79955357933628
407.00585529382795
79.95284610323296
70.79108528471544
80.46214629742006
303.6708779465608
81.25166703359797
386.0225703839812
82.55132211585179
466.28965227356184
85.12146969464516
229.94311754203406
85.36156692124541
495.6959604313493
87.1511836707216
240.08120603693587
87.31967462879163
346.1963968761596
87.8443735313516
446.24806459417897
94.20735983775127
385.0958259132158
94.587440598658
154.85793936203038
97.1972322557629
400.45764495158744
97.22876148470598
213.94235202618148
97.83770824680808
240.02584909225118
100.02028773117634
89.5701756934371
103.01506624137248
233.20237979556518
105.30564742870223
421.738335038438
106.1918825400754
391.9586699746486
109.7901196619102
316.0831021605814
109.80069174429354
380.0047842721684
110.69719842099404
25.99274275017644
112.23178530086898
250.0793840652697
112.47011702164261
40.594109636123385
113.92991022587691
284.11107743431955
114.30270679123922
125.4709359829412
114.88511252229485
62.24666999683715
115.85008776560737
152.45221159025166
119.99757806927691
383.5728621308249
121.86313617236718
325.21530183908
124.03031437371095
468.3958439313219
129.78902772243296
41.258035184889316
133.0886368274624
402.3261272793875
135.12960392756892
383.3424513226815
136.21053456138023
66.21049500947038
137.09142769452652
120.19480631735568
137.31756077321515
41.27326537326543
139.04482043942426
229.52264570885112
139.1852018055855
305.63463430463815
139.40792637629013
62.279215792276524
139.6365318536847
316.93166354893367
140.43943355522242
138.813136600611
141.93092963395338
155.7042938326123
142.74792537954778
106.40290194029386
145.38411982777805
342.21434326389993
147.3923446385925
488.0565967672446
149.27198838536654
27.08798387303128
149.87438784193228
342.00794603671443
155.90225056302364
350.2595998790449
156.15719034207362
190.87871934563168
156.58628056844714
54.87910024144698
157.7134298933542
8.945916259430488
158.20915357082404
266.8158586776381
164.3438339896627
182.4963471550382
165.72097846052034
493.34226196530943
167.40864824205278
106.96735949175462
171.3474331342442
162.65281879373708
182.15355402414957
378.4100748041059
182.2153387526141
318.04387652866365
182.23229970973134
1.4944152566364806
184.22235913277015
107.28412873497197
186.85979218989152
468.4846260320976
190.46535484619997
425.4315621882658
192.5815212084374
318.5174922002021
196.18297124658142
109.77704031931374
198.2788862071826
279.6698613784875
198.46132815074077
362.78875402115176
199.38328700942
204.91691351119883
200.18725610689563
391.9010506494118
204.42184697771714
435.32000573041034
209.18072989414355
495.8802215228236
209.76982903559474
317.55262511163414
211.5122606837265
48.503104495079086
213.71155273150578
487.5371643212208
217.51666224916795
475.4309129460038
218.42768594008595
26.75298737899689
218.9351865293275
297.6964861567957
222.41933648525045
272.8484541712379
224.70934200338525
333.6894156094109
228.00181962837064
179.47105140731108
234.91585803799538
295.7337976330141
235.11657252732488
269.96012814691727
235.89937443398833
248.82063710608514
236.20929535065986
376.8908125113355
236.9432517427956
257.0501308699772
237.80798708868062
491.91265051733615
239.38684583994643
176.40873614294503
239.73352525955778
464.0319544148929
245.2886794449561
256.68246941343887
245.3609172550835
400.29089394569604
246.35249010263573
360.17561964549367
246.5671780870438
279.6124506922628
253.21559881027844
386.89532141264993
256.4200123926052
363.4918409599645
258.37492790099975
486.04843723926155
259.6473286505949
226.42088620142337
260.07971458434906
480.5018104106401
261.1434624412724
344.0328540601924
262.3992346678081
44.248994232954836
262.6982795440241
364.923875601469
265.71669689735296
207.5200010794206
267.7705803661095
157.2802767580769
267.91378911176326
288.885819975065
269.30182739938994
357.434057525466
269.61412492743983
136.6728537152435
270.1085163524026
163.64712220576786
273.69904069295205
465.66910660445365
274.2944288607066
495.2796146931387
275.43775485402335
354.20041217317856
275.57616267879666
414.40866897572283
276.1895362739844
405.8939240000335
283.28232262777954
445.70751291027216
285.6998921239002
495.0074020811799
286.22308998940645
3.981559143356383
287.6747441494363
241.821832080553
287.91278754615115
346.5491279608283
288.90167996124575
201.8084627538432
289.24244367950604
80.19196748663164
290.6484984255202
284.3184145191177
294.110023263215
9.191926115185769
295.65745418663505
448.6383784839081
296.40627664960374
48.152017675602345
301.7125953877903
342.9141540195783
302.1934476701427
8.866639094325581
303.56357505388354
141.93358267716246
308.92122749739116
359.4183158983243
311.6875453563417
351.06376767605167
312.35979875601424
231.3590758888945
316.38123302882394
284.0388902284822
316.94443658964775
128.87710745650006
318.88959984846394
197.561774765785
319.72010924559567
212.2252205370244
319.78649466069726
51.66252599434633
323.47871685745565
291.7742603803782
325.9929358027745
245.55329332354344
326.93953355617936
60.89621407180404
327.2812083636924
495.3808073477843
328.10685774329664
451.7438149933514
328.5456961242355
4.622380166492155
332.27204749117413
440.54518201248396
334.6595533648985
200.86923639035973
337.17010789959653
152.69687380323276
337.724497050306
327.06882336448797
340.39369921974213
211.99909853500594
342.03032968355444
139.1632150708183
346.5413608364675
54.92326121700053
348.165754461501
129.22247151929787
353.02714703124775
413.11253009332484
353.5704131009507
493.50973999398826
353.8432151494234
382.84714770631143
353.85635775277075
132.26696715954284
356.06917996885244
310.25227927198165
358.86644862513987
471.4643568547719
361.0226469683814
5.690938608700976
361.6159047535269
356.12646207192597
369.4599052853436
288.7552013784886
371.7992256446788
364.412442059496
373.31118523700684
176.02786593317705
374.64957431920124
179.40275015351665
381.5198748366176
351.5917851471223
383.106918792511
168.27470890968115
386.6786139297673
237.37577933840387
386.7870830547964
179.4968034820608
387.76526630242824
377.56399640438565
390.1293339858439
118.23398120606882
394.18224492993966
388.1304640037426
399.17860115877625
304.81704424357446
401.26706142352117
11.469186305550986
402.0482596484457
170.9155205470053
403.207933446197
136.04409308434646
405.00885638373217
401.67407995291785
415.447560706567
107.23688532855337
416.93851115690313
239.31084601003457
418.89337482221663
24.31786346834223
421.9493410293188
71.79047817041616
422.1922288607329
451.3924878316909
422.83945162242446
479.03874713613067
423.28261128351846
59.94235610415717
423.3642641118444
76.82519909843641
423.4853977216088
37.376910447094026
424.7682578003537
432.9636294594539
426.67485135381384
192.29388044868708
435.37859941356686
323.3699704197864
435.52167420355227
162.99481425304663
435.84368586225827
56.79618089687653
435.96613566122437
275.7404299014349
438.8263846914887
43.48292064195691
439.1433606782945
483.0058415453272
442.24516897687016
251.4810066358518
442.4323754378576
444.16101228441994
446.91205290393714
402.6058750323424
448.35059892028465
496.78902301239987
448.3621496676273
89.35309383238577
448.99561399622326
108.50154783056861
449.68435895566523
74.84889886772872
449.73152509389075
347.33102628371853
450.93500945105234
362.6297499197923
454.2135455298107
20.58593425226749
455.22135446319174
296.81817711729826
456.88488745772594
73.50794428025287
456.9317526843134
152.65221228454132
458.51769068336563
251.0392994355383
458.7889991881089
436.2111708304034
464.09255184403276
255.72445462491615
464.9970187056885
214.2842676300093
464.99839446782545
154.19003787833785
465.3426528947039
158.9521834051562
466.3658011926091
247.73543854285555
467.45808520034683
18.227712938082096
468.0859097995505
89.10657398147913
468.2178498851707
54.89513837047051
472.3888542928476
117.81297824606577
473.25625788973684
182.71110557802956
473.86996349788154
86.58973755909521
476.2846793708603
323.5521558042844
476.3100874324016
303.2522156413227
477.86096851998417
54.13966900982028
479.46008367855467
103.9342961176751
483.5477385869679
189.81767117082677
489.5785660438959
348.2954404379607
489.96747192346277
60.64613272781243
490.37186205308154
375.9881318168226
490.67517048617896
81.56599875115622
493.03571391157107
33.764290251904164
494.37385599907475
334.94148525490016
495.70408911470554
261.7457099552526
496.3309478441483
341.87875284200436
497.6630154989238
220.38726909217652
497.96689667501016
274.87656968142574
498.5333583731123
15.230585458867116
0.3598484118116021
18.63902560331234
1.0712364287700464
407.495035622392
7.195421506191254
419.3716093221233
11.828503524916831
146.48131558365145
12.611439369144696
70.21206719614196
14.170799376350065
454.7005736028454
18.501210735238512
295.29076464661927
26.443019854423714
221.4677488376998
30.730351244799206
371.98726308116983
30.821420336796777
159.44617602403068
34.194267241845026
454.34226832991584
35.81735207125192
167.35491287899396
39.840351751942514
195.83939555199967
41.45439769193251
20.305492225036343
45.92272951140138
107.07717282726884
46.622378646008556
85.46773547791321
47.104041853868544
465.0254660175145
47.18920669142924
498.59746742730607
53.15470961578817
133.53446066138585
54.965148523047176
3.821984108176226
55.76735490735584
360.76424608679696
57.24607396570958
497.9112527598272
59.79348800209182
43.69223509772945
60.190331084903825
377.91858027474535
62.77170982528811
280.6383665516153
63.75203417534421
200.21523969707349
64.71125802074235
204.2758892491463
65.47208622228901
400.6513466407717
65.88386273919384
176.15268129765374
66.05762439232227
54.909870877779056
68.15390627205034
447.6189452980793
68.57196203154581
310.9921214664042
69.84485270041944
51.861610247489075
73.7029679834206
488.78136716837616
74.43815594977205
288.27947674225936
75.85985829770651
489.3059465450835
78.30784197054547
312.5433798417516
83.67747983991867
127.43699978137528
86.99341322356005
316.83592772238234
88.63800812671248
276.6376258366681
89.405275372327
423.93930392069325
90.75825334931372
373.5816320283984
91.00010156321743
65.66579612105353
91.47026983448225
497.43983287515607
91.53871305114502
132.7527294236999
93.07457331656192
419.1537383792095
94.52550744782589
95.47836002747583
94.58940499213345
81.01612426807394
96.44448296665993
419.76272166150716
96.88691244816106
57.41690044495238
97.11717466175206
10.719534666190713
97.83410416195956
470.0063587650095
98.27459146731138
344.84076555173044
98.47602244776567
392.8060689045862
99.44713463142858
349.1381362002628
99.74028631919737
413.89693434709835
101.23218953145626
187.2654428011599
101.98674991687216
173.39287368189196
108.65500797052476
238.52037664528768
110.28590176396835
82.55159666031273
113.8845761277539
402.87722855814656
115.52584609315552
311.9199718501608
115.83055552110193
109.1943177264705
119.48760919828217
58.44160144853862
121.22731427149016
473.94327104793854
121.43348285464138
466.4240350547812
122.20082424193112
441.90003527830964
125.56529842267419
171.90997514099536
129.44472264123868
180.38145467409223
133.6933604707812
194.39377119169413
135.5687951727696
42.391332537104724
135.98383289227766
299.40709924157443
136.77779501562702
318.77139051661584
140.96690526497744
202.85027446982386
141.14809652884844
344.49157000999287
144.57784470445486
364.26682885897986
144.90229937631847
109.83623971153446
154.53163435130705
277.92825445436165
155.035844561669
114.77992941943656
156.6501372581909
12.752386161637487
158.37822426998233
6.450710925760417
160.04554359808662
464.95495807617687
161.30698758096457
479.2222743888474
164.62554739621987
1.616532319468996
166.8524577617672
438.27558518164045
168.92171259916793
307.6516398214324
170.06589463215212
247.74512332484852
171.05148405019685
323.3018949126116
171.3618721152908
84.72494722326226
172.6359310610467
76.23400909148373
179.28279602016548
418.26129519482157
183.48325735954748
435.9979536956164
185.7166525526069
268.3408270137849
185.89122549487587
478.28666685054645
186.1409468222348
19.1184146366203
189.7902086532711
324.23120143171224
193.54053720029523
389.4930108914266
194.23214886029848
251.38681735906454
194.81508942582613
93.28071231082657
195.22047521259773
412.1042687853218
203.27279929346233
20.73767876836814
205.6385421149427
126.52241392763821
206.12858078238912
190.7477094371711
208.9102261282362
120.2293052788546
209.34703479564237
340.18676985670106
210.51898430393217
295.9288323932493
212.71057160629795
283.6631809944655
213.56798807673457
209.19864929746836
215.57195375447333
106.05491407345512
220.43568896705372
18.223281385683748
224.00509837177222
254.91661935106617
226.25851759096102
347.1757976694596
227.95350831656683
391.7650058087239
230.40760618056814
254.49422652515474
233.65218132125892
281.62535199151006
234.03318965138965
177.734072052461
237.27887940750023
423.07991782183433
239.95289760674657
281.7432250164911
242.11949421221047
135.09974197475054
242.32580871956847
374.09562038902465
242.7102090560015
381.498391434317
244.2603485445557
375.1999225343454
251.45796930873962
396.23423545856303
252.76640124799093
267.01990406355435
253.23848024711205
222.77474733191025
256.41226273128865
240.26413940672086
259.9301584853422
32.248074391147284
262.0417109329259
263.27788158717334
263.9361053967487
77.67946760579632
265.10032056773315
372.48287866270556
271.17721049225156
172.2722842827396
273.2738052616378
195.96917418008607
278.6447191623926
471.68249780444745
280.089431412719
437.55786744565347
280.16470446285126
221.35433039407363
280.6704929340513
55.432294837948184
283.67385260314734
404.7682791242757
284.7158324541396
229.5734099892963
287.3805894395191
205.44227496044797
287.436362894694
264.87276177877135
287.6114599608882
337.0820357305145
288.23329953759105
356.79480811135477
295.10027709899686
279.03036077481624
297.1762302646735
345.1944108426717
297.45454126650804
99.2102232324688
297.56613157981775
158.4755417502916
301.4344763743166
497.029451227693
302.75361385535115
52.515364317919456
302.79984494255444
6.085558972006203
304.15692437281564
253.4640183065414
304.51838473335914
398.6865570246312
307.54918023305527
174.10159236720415
307.7658993923373
220.65203264438898
308.3284726127347
363.42553711928997
316.45683337768537
355.9388963288909
318.94796507892397
169.62636004117928
319.04065712131796
395.2271583985975
322.79213916826205
365.5906973392879
323.133901123145
488.15774663366545
325.86334267855614
197.98751673997518
326.7356982911129
186.8273385215488
327.1873382065223
274.42979715043253
327.5399282596403
34.80643071588372
328.89179681305376
182.53923923093984
330.6379854848805
406.9881957889854
331.1531697804551
291.12048859287137
332.31203433141263
476.12365099402757
332.9298021406471
463.02251595135607
333.8524847972245
238.9397453522156
334.689926063825
412.0954973034962
335.6533065266051
118.93388127467006
336.26884912951203
361.2687013064364
338.36499541465105
238.35919538892244
339.546440777569
0.7315866520666814
339.7703679254909
327.13644778738706
341.2248689697036
327.16876498195614
342.0240351102505
328.20014125203954
343.7400936419514
365.5546377852221
351.1061561592786
220.64500113279925
352.2009732209497
307.2087977843998
354.8264548353566
309.8948149555408
358.62306061766844
333.3525757934868
359.2424710022743
9.39169494711032
359.600351098014
363.21343827677794
361.25297969113285
217.38434472965574
361.672147209136
235.3921220773091
364.09968515560024
488.54006618312565
365.26272653104206
53.247271666356674
366.7429579430946
154.30284270095183
369.00994828930874
467.7161911388596
369.06250163956054
272.7384331996486
369.926975384332
355.51517911130634
373.56332547578484
356.7431470177326
375.57852767479574
332.37534745241936
375.74054837576756
263.08703839097774
380.6692876393607
168.95335442899983
381.0514317516496
199.3554807274587
383.0969825441354
255.8665466870302
387.1807476229598
60.343075650894654
388.22675992311923
145.6523624590852
389.33145722486387
53.23470860422869
392.066851847245
410.4699751907605
399.0675502482418
365.12507421660126
400.16594211375156
358.76025141373344
401.80847528470093
458.5488929223529
405.6256311341647
426.97720709949726
405.83201593627126
498.20490956509536
409.3517286115078
405.83064384067535
410.7649073647476
474.3840385956271
411.40009088825514
64.21974553909067
413.80111250164595
118.56882127791869
419.80117461335914
486.7674626045191
424.5953082773321
123.11386946355712
425.540451471903
327.58264558442835
427.10731422808027
20.37513739012117
431.7398723026731
209.45165723512224
435.12759374169514
488.79085734314503
436.97748935486675
328.4163113497661
438.40488046356404
395.0833893304122
442.31725539802744
195.5196424954085
442.62480142891366
229.06741559976422
444.3696190423347
48.95587239573408
448.09709284008005
312.6573218364933
448.3722509837321
125.94198867045263
448.44292359171646
375.622129810318
451.4271577714458
460.0783106634364
451.90946082737844
311.104421449867
452.9433591231817
432.9871357784774
454.23564696137373
313.5423995233822
454.66808916193594
318.6104971500025
454.67750729379316
126.47518185574671
455.2637332271221
362.9373915512949
457.2094872633478
485.2325395662081
457.2181114801711
228.46994483516664
457.28476576020523
223.50619860726815
460.1423228062131
475.0252483123803
460.68710189661766
120.70561861948337
463.7807175762506
187.37155775069462
464.2425230288065
423.2709330973399
464.88096557836263
260.18702011717517
468.6384529710105
398.2347240719578
469.7631561885102
116.41190329605527
471.66522620317033
498.34439322662246
474.7230004838546
410.7606738147156
474.9994479345289
171.7889253864139
475.0094326681613
279.58937082487853
477.01515602602393
274.16488241631555
478.58147351846435
424.09223883606217
480.33137051243745
284.707425610745
485.74088576670056
250.18044324634423
486.47404651953156
24.00979643088552
488.426655348666
340.3803856327183
488.5789207398966
74.06904420791983
490.5400771671895
425.5170928204837
495.11192154573433
194.5848514488144
498.31915182603564
204.8318335190407
