512
2.1304455776329423
310.32640234187716
2.468642546656317
388.0403194832926
3.4961467729543774
453.70569813927506
3.5340606073007708
254.02114671716518
4.173250581349451
311.886806489759
4.750396054581344
139.18649202337284
4.969307018901502
210.6208306339836
5.995183130032934
178.63353978342684
6.231597955247869
71.16255790342935
6.977369056019207
263.9729585586543
7.465056368334523
449.35668114952193
9.696727476955765
396.1351013564046
10.56918675139522
315.1637185952258
11.186282602578304
432.8463792305149
12.801985026365669
402.87638537940467
13.09211546818796
3.5177873856960256
14.472882222241768
320.54010688652824
17.264551542910734
150.48233440296468
17.866268665363272
89.6665285621555
18.08676179596009
16.982834497183035
18.322754851339685
125.96920950617451
18.528436659196007
273.7805590001442
20.59159676771877
295.98420193722427
20.731070835121407
219.6508843963051
20.928731300823866
485.54224416438205
21.44059830242409
448.54991626490903
21.88950217610071
157.12045998894052
22.629771980421506
282.71220553686794
23.219945472021617
114.6723370472398
23.3643899874134
84.60007823352322
24.146857006345925
470.22496210105896
25.179914168474834
222.87364007376163
25.360686071438533
456.3278940170434
26.71963917954272
117.80054887331372
26.826816935928214
97.81974995115475
28.982480359980634
312.2107223247018
29.540777180134853
118.55685971444808
29.645942411996984
108.7171507029417
30.526308674006568
119.10849882660209
31.005699480741647
173.7787717657021
31.2111018289711
365.89612416544423
33.45716187937693
109.35667199815609
33.80441988369259
289.3179573689419
35.323503512353675
79.47317344010445
36.04399792040468
54.65460708986434
37.919840977801755
252.69989066810714
38.42582980411454
447.1833232563242
39.03701596709643
339.4923729708932
39.852648157213544
342.86191033377565
40.15967600208661
103.61094234393646
40.3726020601213
352.12584957624705
40.85466536988317
419.66877003115917
41.13522673940687
289.14614118331815
42.03054085113577
124.67078954634178
42.42971991934497
483.7137821439911
43.06082732804261
298.8247370373114
43.40660543886308
405.40337733195116
45.97756122625735
320.16864225598096
46.046169174636354
157.33111436678536
46.8344744303243
134.31419151050687
46.94151759778838
283.74365453974696
47.586572353707446
59.99166111499177
48.09591536613077
358.50271019052474
49.06358048515265
100.1634559030915
50.53374030247103
390.59173320803245
50.9183638764771
442.1270104190487
51.43063849136593
488.32711634037247
54.029474041146635
145.22353141565986
54.28664480215548
187.43795047370048
55.04406431549492
27.29635739915826
57.622299431049136
133.71630477511005
59.40874274716438
147.1421377913136
59.656591468973936
90.46357366583578
60.08130318784857
351.2902259423182
60.98932852299932
443.6839583805371
62.58178414338776
465.3004567385551
62.591100511942955
482.5582550783296
62.96618271118173
59.203073738535444
63.22023154712101
102.60099274722087
66.70235229838804
237.78893063731408
68.79538400823034
152.02091535873876
69.59669325340373
64.55238465184169
70.06676882890453
385.32818552866905
70.24464388417013
349.50231360824415
70.7483302888404
490.9047119356845
71.80703275050799
57.78728339249243
72.21312531066543
199.92413212074877
73.78221687923559
380.73478125752797
75.29215551080009
335.56908964122965
75.49272352709019
129.80051136463152
76.0910824551422
462.9762479706903
78.98744094206207
368.9390369450063
81.54194746456938
174.08075707393556
82.47644671063405
335.4061347331404
82.94132620007834
236.6106274031276
82.96008678160366
12.02540334360159
83.88583115574826
456.31039441111744
86.05998005254581
471.7482915829472
88.27513842885664
200.72445053508957
91.663811823702
462.6971138830243
91.67210696824405
331.6125344311042
91.67931071469113
454.32577714768246
92.08783137506876
420.32212091425293
92.40186633402385
249.60006116932146
94.88865140641886
275.2879676992661
96.69895219311626
235.3871157582091
97.4352217622618
311.68534816376274
98.0931709248826
431.3263964350918
99.82757577664518
212.62427721165253
100.07468701818837
214.8133246510582
102.43463042991893
394.7445216130529
102.60158888589224
364.66309759739806
103.43965404356521
186.04442567574216
107.33731535887195
63.62437561581207
111.10557796768963
9.754794504616733
111.23685800854848
99.0317086713545
113.41322858503224
400.2657146956578
113.97999044863795
114.75650125506877
114.56422976620082
91.25649954949154
116.35500801892078
401.54360222548706
116.79479821021576
44.26845874559132
117.11740263867455
425.4626646135768
118.29003846698502
456.3838986542291
119.00686071901129
239.32830197737172
121.08843007808312
250.0937902512382
121.42078313962466
377.89373479215857
121.6276042964666
465.7703172702388
121.97963636677045
247.37064633095082
123.36147035326229
494.4609180130559
123.44538489267272
360.3549680934208
124.53003680544326
32.430925898186025
128.53750721458516
168.25275441429267
130.1804690841875
239.8643030175015
132.5237017688191
336.1471915626913
132.8027613263599
339.8928404051924
133.02877119925
57.33246932995239
133.5913705075508
125.41317252802268
135.57583063637188
179.87800882410207
136.35343329790976
293.7120807413792
137.7722793813415
252.37351228077696
138.0619910250805
101.6244057015481
138.49264583524268
71.83273200107624
139.67522361205332
307.2807147935265
140.93938477154273
304.46057497324324
143.51811922977848
324.65606938323583
143.81045030524538
293.7418088027353
145.12800030762534
375.71345519754425
147.5379648727807
201.3131650946386
149.72390644175923
183.54492550933705
151.44347099867883
285.3621393782921
151.51776122456093
305.2053776154182
152.366468069879
188.60207006316944
152.89313724701705
440.6577112173769
154.30174801082907
371.6508229866152
154.65091308562
426.085189468127
154.81575877220519
319.5005043066783
155.0174712320814
174.7549519783585
155.70748625020687
216.60254856093624
157.0270881537922
294.9773705106745
157.16770637431748
228.2163134387101
157.88616873707932
255.94164223070908
159.22198235303077
81.25417241201814
160.03286071282164
390.49462604239346
160.2035671863697
116.94468949054543
160.6938618767876
320.59458994618103
160.81818934411436
93.48342587346922
162.27700222647044
114.12568572673894
163.34803129572728
141.19493494522024
163.39313538297404
106.68822308361298
163.8421334060421
463.9991192948894
164.7669625160207
21.48823751835963
165.3779635993394
152.63943285004189
166.22464013748254
275.6945540145209
166.48033661030414
166.86606932252488
167.0299452193176
102.53485259066426
167.64924749932558
266.01496056933604
168.76046675767876
154.3217016693091
171.23765285975847
438.0691510824452
173.91308891060402
438.8254388794355
174.54080374217645
169.68866369270364
175.0732782084284
396.34359948517675
175.26194606833872
39.71661213740231
177.76626674438828
35.71491179983604
178.69707783146583
184.55774013523478
178.83700760336632
485.26877863928695
181.42755426402485
126.71472073828461
182.026832977476
329.6579013914262
183.18180836115587
320.1255908498217
183.32189661796758
404.99945129212415
183.48727673968446
450.01786134742576
183.91814018182836
348.28224656821186
184.096579489171
299.51846994303446
184.7406755795035
47.12997750859774
185.5524182893199
385.69205006480496
185.6900273567633
495.52874974223977
187.2257769122566
201.96565010242128
188.75936813654542
85.07397090835009
189.05046477599953
93.37103380803562
192.11365223058286
107.63972154495211
192.94624722742824
442.1300122237168
193.0606445584777
282.7584507813506
194.1475863645593
91.16306042101978
194.66295024982466
453.0829949004273
195.71035502302706
324.69116227956306
198.17407821735515
108.86958133700655
198.72416147351683
228.0099420026515
198.73701093208976
186.27911930818098
199.8187681017265
229.78177649749435
200.42802836410644
137.0196392226962
200.4289236622028
490.91248807333847
201.86065846488137
70.27050380733245
203.64217084966396
412.100548363879
203.88316944960283
470.9242719133046
204.01063322992374
386.6624790157964
205.59386992685796
12.97078568165233
207.43037314044514
196.0310389057128
207.67567286415587
83.0431014599475
210.01667831025625
390.7340942998794
210.3727820941187
98.40644542123276
211.78063022091442
430.60697439415856
212.87982616004138
51.3936381761747
213.7004497478124
309.711250044992
214.89410903979345
41.293249752430306
215.35091273250478
274.4398381016279
215.44989182662977
306.64414682658975
218.18073335966508
384.7162019421636
219.11145521528474
293.21056185303104
220.35284643754468
498.8092664249096
220.43298060359518
174.36903660777983
220.82613459077396
125.52651191047225
222.0294708432026
406.57821167940597
223.20846438112628
202.86586135800837
224.66415734468706
389.31831481817386
225.25589617405558
427.76582497576715
227.32373951865995
431.8051169033488
227.62532692179238
304.2395310542001
228.0174613928738
159.5026753304799
228.17897876648124
158.30690850877622
228.72889216766603
36.95428443413089
228.92064708447722
459.9228501287085
229.53518599168007
299.64636907619257
229.72470021230393
303.0700826124696
230.20455266841375
123.02311677457251
234.45136351124128
252.51663115921482
240.24243286115114
189.0683961207731
240.50753470894372
209.37356675304048
240.6712619614461
29.20553565083755
245.0210786586897
182.18432610166863
246.4876337695964
483.3118898479393
246.7972204891196
43.65492092042576
247.20147225234484
176.7586000464294
247.5982305756282
140.4038471817266
247.79997819794147
273.1998810574895
248.03481118737398
251.72663026164986
248.60861291088386
383.7516696471106
249.14256175578137
378.9703849350512
250.32991996572832
223.0246632202148
250.73257508132554
212.62093085258806
250.8916426997446
411.34367371776597
251.16657353613323
227.05094824128048
252.5647785578628
479.9810322736265
253.656198583773
155.7042072101778
254.90818229946188
353.40823602882494
255.31139309318507
230.59464564116783
256.22128564558295
157.76856341198993
256.27886642205476
190.94820217886152
259.9000127565019
156.3337792461524
261.3068332273481
329.49222221593146
262.78560573547367
288.3643940649821
263.09237723602325
150.35261534524636
264.03289205264656
82.23856431917137
264.9249358823978
320.51097986438293
266.74780113494666
239.63723026757233
267.2504415599653
247.01502719639979
267.58900952346914
424.60689149616604
267.9958187989702
12.504304281826796
268.74150606231825
255.95277841624724
270.4919091905254
179.5539970084995
271.6054869924442
11.978529503498907
273.753349019734
251.4706479487369
276.28467956903995
269.77815269923485
276.87941621767123
81.32199507865533
277.47256877240466
162.42182795051033
278.6247490482243
119.95010135613673
279.4314615400768
274.94419644625674
279.63266086808045
166.725500603269
280.1079128770542
289.39541188517336
280.76640501920224
93.80013846767113
280.80930277989955
400.6136478164922
280.91558631003187
18.879792701963726
281.6652039663335
84.42211912353645
281.69688780691195
96.84032662712184
282.52650062667004
275.69565336177504
282.5921978893741
347.7357415435505
282.7101714036034
95.63492547559102
283.3535502535927
155.156270449383
284.4783005174636
184.3151677514971
285.40597409793264
319.30215932380986
286.06894076659165
488.68992387037116
286.0981858364891
10.074975544303538
286.12054597911384
76.51774451800937
286.21179721336273
333.4665483662259
287.5964891817042
108.117032905031
287.6160614345002
347.8863194832229
287.79560901981523
379.98686754672667
289.75131646012454
63.39513084550661
290.9994388334481
107.83100106559084
291.10227314681345
296.79895297294064
292.9087453449737
362.4939244889921
294.69272260566623
319.9607857254513
294.88490697575963
345.2257587276294
295.13356913104656
426.6316345623053
297.05359414633006
68.91617276014131
298.7287896307045
278.57963675174653
299.29610065411094
348.0431237532445
299.6239744146162
474.34063686762505
300.7536257878885
22.7552316013641
301.08337982218114
486.88354522848863
302.5807201054463
70.50468003700388
304.89597686091656
172.43909723129713
305.5488251144585
256.761589352061
305.6527382756717
61.66363476140955
307.37327118505175
298.4380133895905
308.09792061482324
443.9985044292589
308.88465618571666
117.74785083683453
310.6462908301002
470.4257693807926
311.35140598376205
317.1814879224984
313.5975203451432
445.30608670176144
315.10759220270484
442.758351440329
316.35301722846987
88.82112111758364
317.16382071778605
242.58354947097857
317.68269157180515
163.7428306854952
318.3809335236109
38.00479331404944
318.44550030283045
26.023101552150845
319.3870217362936
155.0447076070574
320.20726960107675
437.2569278312643
323.35792859823715
218.14400746068776
324.0814852341716
487.35606295129287
324.10588344787124
375.1632478271778
324.1163411254773
356.06304401629313
324.7477433269098
466.51011395239186
324.91707539529347
253.7281055036293
324.99166646299
254.46440920796817
325.749512619846
190.62957252371467
326.92716317332093
375.46443470505744
327.248745597542
279.4171003700919
328.16284638377334
197.80106978018586
331.8069211395619
238.95036085595834
333.54270951808724
48.430209269053655
334.2397814339433
121.17709191793153
334.8821542768157
138.386255728248
335.16904965109035
452.85256231353736
337.0625544747881
77.82595837178042
337.2499678756562
101.36738315363372
338.46833436566357
411.0845341016242
341.4705089146982
47.961583565779705
342.30328351451
265.0871649627362
345.3291114192958
271.5665726494045
346.08687056402357
447.2969737226806
347.7539173650104
24.28585323000969
349.57280674691094
351.6038467036227
350.8701650065996
3.8433069568195357
352.6049664352052
490.8367630621574
352.61227362229465
12.179173331351977
352.97324091588456
405.06323756139534
353.6428739424212
308.10998625633493
354.192115485545
57.934747502974645
354.7280552493028
281.4901720394903
356.1841413225064
255.97081597020497
356.42933902718323
464.50394547781804
357.45272146570625
220.46252863269302
360.2022822388406
103.63056854492406
360.8135615196538
124.92558141622526
362.0198621948068
33.58732432633569
364.6539037037873
338.4209160323988
364.97648660718573
320.04020314089
365.9641682064504
438.441702749163
366.1090051110838
494.5634815347501
368.4034849306035
461.4654719177047
369.386334943842
430.82743523634355
369.7440017732506
356.29576263001866
372.4395065288269
193.59242632075185
372.89198997619707
19.4362908927848
374.245567705591
69.01926835663403
374.2785575012468
195.9524573735386
374.6592188857863
154.30138194677548
374.9663100247603
129.1912908353316
375.26389082464516
67.5666361941973
376.5701448536706
195.9568023551944
377.89747906891336
131.11304985499993
379.41655564070123
99.54044780198704
379.5253103023941
344.4856056985693
380.27855512847106
474.5172343168651
380.84771710146276
493.87198112937625
382.03321889930635
247.82311151028426
382.1783232146119
295.4788506103594
383.1268121662826
162.6253361025956
383.75178112550265
121.64814632720001
384.91808651477925
466.7227226623876
384.9644965474684
335.5225079848993
385.2841724286808
101.48851616914544
386.36637147591614
411.24166139347324
389.40426328258224
266.77196196385506
389.7405238788367
373.98528101174
390.4763287021842
250.22038674522602
391.85967541176836
255.03761609297823
392.6844790839257
162.67044989199135
393.4736217232895
164.7167323487906
394.12889467052304
384.0609418141329
394.46489078213244
163.69258890111774
394.84497508588504
68.65136986062215
395.5136929214633
488.55110401321224
397.23998485832055
378.35105150972936
397.7968574435956
251.93012984819845
402.6555737942128
192.07494281641095
402.9179528125286
162.46443509149987
405.1288799679607
430.90194035984734
405.4388431687813
315.5443003681976
405.474850342018
435.12535001215446
405.7071470990454
412.7765746823236
406.74773485583324
153.12537461396758
407.45943248484326
405.8642892003588
407.9643985527224
59.58643291459603
408.13601544149833
463.0105225670362
410.39868743085594
349.1705104403029
410.9137736776398
476.4691033075019
411.2019977986988
351.38169740943164
411.3583620339038
361.32425981183076
412.9905215345136
204.70684305189425
414.59847190989166
404.6829902929755
414.8894257359804
180.8708906164387
416.79099289035196
77.49883444794239
419.7154481519459
105.71387180516821
420.3215838664969
150.7732981374313
421.9678405380101
22.18652090501754
422.1724328612017
273.48978008738817
422.5238490922144
244.84938185297221
423.04663155764865
389.4047278499614
423.36736003427353
28.759485471255253
423.6954973772753
160.27904252906637
424.30241984673097
36.17341621240829
426.15386486704625
488.7439917224619
426.632094299287
340.16607305593504
427.6616724556716
472.0731170389705
428.2133728536202
33.27983439797689
428.57333392286046
259.76730592888055
429.3971626197538
51.703158106322626
429.59500478626467
388.10471514481463
431.48818159852055
127.46878095107219
431.54348314790764
404.7669346641833
431.6497225705305
230.53402370295822
431.80127177030727
264.92239816311826
433.2328211637297
454.3387200374355
434.2198677583142
285.3244755371137
438.6352264870991
20.293486957429728
438.77623240917893
175.6809885063989
439.530542500835
228.6441896250882
441.06219657165974
280.93107363565827
443.35390028174925
65.91486625017127
447.4287823804427
358.34751669217184
448.399212257142
318.9175589222043
450.2566157165449
225.86386325408338
451.4752315371943
199.91481013894824
453.1464909886376
417.65078164714157
455.0058541562077
300.5893534842271
455.3283155210865
322.54456914306854
457.20080634655636
19.165685017725554
457.8424013200063
92.40935439924885
458.0399670914327
114.00911033915256
459.0390945156255
322.51341178509216
459.06198348262285
244.1467865803281
459.5683882527466
7.004513314830633
460.45681216985633
312.8992876980968
460.47974373895545
95.66933134627578
460.88885555369507
87.40428225733471
461.8659062758128
29.658246741807723
462.1684705557846
316.7298325350396
462.6280417718616
77.85043863361636
464.60779606915867
265.45742013533516
464.87405668695186
462.45732481564903
465.3458028923573
382.8913892892257
466.171635093012
447.2039142749235
466.4539832481802
276.9531618454494
466.8998541081376
142.31913455278362
467.88566936347956
345.0095989025607
469.5846616084347
376.06707758984504
469.66420102731064
65.5616441268145
469.84941651286886
129.66628571030682
470.8080657022283
420.623349521949
470.96939515171874
372.6045124084361
476.90857343860966
468.09540684055395
477.48530148021774
16.158217142995607
479.2390131476991
175.8212200288083
479.84368380608373
95.69199598409762
480.08227834767
374.8313545460164
480.24470074458713
489.29865649729413
480.6847611281284
156.28581323588534
483.06959436395687
466.87047994207273
483.6836266608508
161.63397037632777
486.240085996223
373.2334094149766
486.6414253725479
413.9757146131546
486.6595457709827
264.23531978807756
487.2995587874316
375.8527648421178
487.5310127401253
136.9431257606127
489.52943881931424
114.03767224605872
491.60442228324104
195.88129544399598
492.15296412173865
60.5436349473358
492.67053536016414
437.5145532356722
493.72017948648994
139.53132895280152
494.9975231213377
440.5153966323867
496.42087832869606
488.47370148124855
498.940120340852
413.731219723025
2.3787824380169047
325.038886185581
3.072354580974384
305.64259348455835
3.125875842351438
128.5219554185348
3.8321640028206527
496.5430118090801
3.983883535835908
155.48250401147143
4.455544162080141
78.80455653949235
4.600033644369771
296.8377318749601
8.797100983329697
123.72093482178123
8.967831258688115
221.68074562195505
10.403303772334276
357.6237511764749
11.82733549266119
222.90400142477327
12.148666710102058
196.35405136858103
12.30806015740135
170.5772825481232
12.330371942668748
175.6005796762902
12.863217496508554
370.070880831192
13.706474883071346
403.7873631693232
14.17109757687142
344.1857589509637
14.309511714930851
453.04010522819925
17.472605893301377
494.9324390678023
18.507029019326552
398.77553284765133
18.764541006730997
82.2039852294184
22.496683228828683
161.44936274480014
23.07811257729811
294.9462194174818
23.173632112951694
465.3053908827693
23.317288745003886
190.46296498787046
23.55297092349668
400.1928202334636
23.673867972109175
170.91564569676962
25.934344971488372
62.28552161992173
27.579859619143765
434.63183443744
29.223697305302615
430.23402819006685
30.437627224205716
130.05316902019797
30.57627480813738
114.28640805110852
30.946479146744586
321.773075759955
32.225377803005074
276.02671746580324
32.78390351526068
310.2781689157807
33.04968135714897
149.2758200131783
33.283037307916366
17.459738085837653
34.73816841699121
384.71645411941387
35.121416194449026
270.0365384499558
37.27058999557999
87.25910235644557
38.292813927153475
411.3534148149904
38.35403643562482
374.6728667928031
39.53363271570714
344.56973269356865
39.597063719945616
217.8485366795688
40.907316771813356
107.94913397220509
42.75773559624412
330.2348843094392
42.873681511855466
347.52313239396034
43.252594250402204
352.0531622096586
44.34109891198456
44.11315038337002
46.27965852954922
148.4274428872677
46.58032936224106
410.6214017086337
47.10407301656833
456.9521161583704
47.66971831070195
146.44276135589618
47.72946836838529
391.94440144749177
47.88645959141263
282.4836867320161
47.93275544915057
342.05287543685716
48.136975170714784
0.7165416509731056
48.25472431630142
406.06867200020224
50.819612416511475
73.69063847325617
51.18471055769802
176.86685085287235
51.777565784946304
60.427683877271804
51.958571344611485
347.9410394128918
52.63897695452719
391.1317267626531
52.819157271663215
430.9854959524187
54.384325831737655
342.19013177027193
55.54334711497673
159.03592240641444
57.03109014665328
415.9304212624954
57.607471071997544
495.9799318154966
59.28828332505358
314.3662131925524
59.57797070344461
206.0722634408847
59.8091138254756
276.245968235818
60.15755133914938
180.95037223709085
60.177958412049406
291.27948708304245
60.29303566912203
18.88612164287869
61.49583441403094
60.174425783808
63.00470268482402
308.7951178124627
65.10832733970881
174.37870976819642
65.78316855166476
250.03895473694382
68.54518612735473
214.8352986493963
72.25493360408353
449.5732283830927
72.99856153253538
99.89816450798904
73.76679918123166
41.440034544030816
73.98056366330155
33.09165359209189
74.5590170760838
452.64424614055457
74.76485162393473
322.3381900978533
75.37373214244342
482.6531420789507
75.73978934523089
162.80912929162503
77.31237129195245
433.4805134258274
78.72399457397445
75.9750248090749
80.22390097251323
150.40573649801127
80.34984893675914
167.9376753121401
81.06814563729024
314.91783469113875
82.7381439421766
313.1337491284299
82.77384773916373
220.56471144532821
83.1279208405775
354.2387612817257
84.35683499450765
57.874602953801606
85.73434667442936
408.2951759355349
88.30351092922902
283.2043568196361
88.60736212190817
23.965214953272504
89.72548591713395
452.23203838752954
89.81714177372514
21.480520887853586
90.3775347504653
341.9234845653966
90.87451425187162
73.36401276920432
94.99299333659654
79.5378108846338
95.91473151873414
61.951557195020676
96.6496271500807
296.28782189462993
97.29119337031942
283.0716797985105
98.39983492531067
13.623609395483824
98.76771297447813
237.13840505456045
100.00128842572676
319.21566021041434
100.30517813340494
95.73560156864175
101.08971253255805
413.27411656703
101.30398962364109
116.77318413643263
102.72007715230647
322.9320954411066
103.41875563540584
440.2514814569562
105.31819305035353
461.0939915868256
105.73400036149279
445.99087876357856
105.77197954531516
11.319695966760728
105.99516787609116
223.94962812049837
107.96144094412104
242.08144198894985
108.78047546538427
95.99100032520873
110.51078522134408
126.28354673597826
110.72943651171886
277.1184294321911
110.93288988633033
393.92858460807906
111.2388039987264
70.17193296329204
111.37255155275544
440.9762911350735
111.93051223493906
112.83512999958741
112.14894289600826
316.3837614297131
113.17700049668309
125.45191382767946
113.88523820371671
439.2447665052326
114.31726156051919
125.31698776318815
116.95786578486874
297.62493116285054
117.1268295173398
229.54091789466798
118.1607062083507
243.24069416879456
122.99967529994065
129.79751478625138
124.56819316764286
273.2629077958315
124.9827516203604
290.5999627312097
125.01395923024755
493.8383708525217
125.21029273638369
163.2112759725488
126.72564601963947
299.24484083177384
127.14898540304473
168.81187384415182
127.84074935282669
358.2753963812565
128.59030610406265
33.46125480770902
129.26982370117878
157.06821597929388
130.0057519099453
215.82871248731732
130.891664124222
147.45998721721548
131.0560180234299
113.5228781526253
131.20631047903888
334.05517326245126
131.67923524708232
331.0480089190354
132.11590034252472
149.6114542379919
132.29565629546042
380.995657243448
133.90870797668967
230.53618093032134
134.82218668125205
277.2963142035671
135.09262399354895
160.80276344941976
135.27457640301796
416.1985782470063
138.40238174134188
439.87800885513616
139.7270649139685
237.41826848794656
141.07349205129236
484.12933286379354
141.6667001688081
100.60578036605142
144.94350539507434
406.24844824073494
146.07160810489205
40.587707712469395
146.464678640931
452.5130216007836
147.3673200470195
0.13040540477487095
147.46087267194764
5.281910568323987
149.6485158593884
101.637005360635
150.47578279610394
482.38202773596856
153.03501206665808
235.44888487586593
154.30726622586218
255.74843794569085
155.41394473674592
336.1131278330166
155.50568511938638
307.12209709943653
156.41382976965133
330.8448561600214
156.625579453963
489.38071321932574
156.85054481387314
399.6950288568372
158.5269129041472
259.15949352564576
159.04968417037617
63.31373203691925
159.42800639416726
187.2276903382004
160.1039775132141
6.658183264909828
160.1254636470694
155.4836883122925
160.71423415406812
466.2976238771306
162.3693983533226
228.2232493890473
162.55019150338217
285.2518013594307
165.73511876930814
310.22908374478715
165.76532136428156
110.42347582120414
166.27811329837812
393.0933757876254
167.9946786937666
223.1521287506527
170.40506357728506
219.23861533615417
170.9024874301381
302.5739730184609
173.74021553515857
320.3919059082068
174.90333906477454
238.42920498454043
175.06979293142112
153.5614536438764
176.23555971979528
489.71919438051174
176.98036151686287
103.33854833479454
177.51624639819983
190.0529403687576
177.81853956053777
341.1395448510836
180.86475403679654
2.9749342454649836
181.37289099703227
144.57563365033303
181.4151565629649
235.1623462001749
182.8298105766911
130.35504276049494
183.7618804954899
200.10583193073177
184.00623170732703
164.7020033443502
184.09154836955722
438.19090426424407
186.3438654465911
467.39871899964083
186.80738380945198
282.9671866083129
187.4369593981921
14.456530904153217
188.03264188847177
38.039896946089286
189.67734288840774
358.2065237393323
191.0829359127149
57.68154701673389
191.56976593880933
282.3834147520837
193.3080786764752
128.52426041796195
196.69019202466023
88.44547754559184
196.98941249454097
483.2044827784941
197.75364164518754
321.2842847902387
197.84029712949678
437.28783195384943
199.03719430333922
280.59931041550317
199.69811224600298
451.1186784655177
199.90763539662711
125.22211565633866
200.74679760122774
222.49411161462345
202.73143076565518
347.31145050602305
205.88436669179657
329.258796355568
206.1826637826331
496.4306556771589
206.23292678599444
211.90728041244418
207.30122637128576
178.15601209741237
209.92068842942524
285.83366399779806
211.10782420529563
394.8068697600924
211.31034794373986
341.0115792638626
212.92849495966954
72.78912591841521
213.04423301060814
208.82286343566952
213.05204859380555
223.92947039701775
215.35056577059177
91.8207585729251
218.1129362250581
324.26174195117784
218.18341804880063
266.97740461753665
219.91867954620014
182.9539379247508
220.0853841131885
20.58763322113527
221.13632552093424
482.18621991547434
223.7122591438511
241.64728899496467
225.80840909256176
411.51230457503266
226.39207988780245
444.347963883216
228.26745261912066
218.27275694437594
228.3944912009967
433.93391778205614
230.8404037927311
100.79604033803682
232.28434938499132
237.1236638733286
233.58254066471096
239.2105732602706
233.64921004720534
34.34341266958972
236.11873185226352
455.866173402024
236.7195523385088
86.79827660745397
237.84196998590113
151.51236199647283
240.92543255902675
84.92725326422536
240.9749624482193
11.850236641843516
241.64876627745934
157.81967059447445
241.67157927313968
124.57605657036194
241.7267297752741
399.8614953606587
243.56133582071308
32.290872921321025
246.66544021364626
325.6002047049913
247.2011427184672
118.51041885777231
247.2979342233794
479.42273873608474
249.48241983807722
88.10438617826057
250.44307071200922
353.6907588295827
252.17978133590603
153.76562991787196
253.03347948706045
430.14886304280316
253.7112757843812
206.95481745089094
253.78413178121372
263.1232835059223
254.64176686920376
39.61480476160815
255.62965154440434
43.65154507855824
257.22121181613403
141.54748058762715
257.5031176054498
461.70400979121155
258.2541997898093
406.7469763575093
259.0643088297795
152.91563549045432
259.3757372187971
437.21653732074833
260.2929530251857
290.1026116642304
261.1066178089001
151.2305669900213
261.3361050121028
254.08984709964807
261.44491403236816
333.1244109616774
263.9378817896102
138.52521173868146
264.6295229180696
416.8717924638694
265.96715508917316
324.9770925767392
266.4439159000391
108.65529193266329
268.28899190363785
183.56104073448304
269.8719224522108
378.1173107713296
270.5547970313749
113.2691387449263
270.9500546037069
63.73323145233068
271.7465270758264
152.98836240002376
271.9532924937478
447.5873924301283
273.6243922283014
286.8685034055628
273.71802855692806
299.97915525520796
274.1139739624279
325.6793544036867
274.66822757752584
468.64003333407067
276.69345189790613
430.0134604841074
276.7670069547891
445.1789985073097
278.2569940704838
212.24183160524123
278.97880500348816
42.95395246089287
283.10171341659304
302.4065973603478
283.3647538367586
349.97809119577596
285.29064153603775
194.21373165726806
286.9039110089639
451.8388011373093
287.34000180551647
61.24844386179269
288.585159868994
310.38552600152
290.8627970821464
45.89483816657537
291.36611935932467
459.1522801778368
291.47073258259394
77.40702449839296
291.89687082881636
145.85177944074755
294.1937738574845
487.35558538456877
294.91708804781143
427.27946137530813
297.5937387170376
383.7276438090928
298.2116736953675
50.62421411972455
299.472122989018
177.40002619823727
300.29837774993894
211.3527180242624
300.75235624162065
64.42951895394214
301.9014491592457
274.0310515153789
302.66295672666035
17.415289611416203
304.60921066572996
339.4736527369748
304.64783025274073
346.9579715676965
304.9122667487018
374.55836267138227
307.12836347104934
176.12730810133948
308.9766011104266
178.27279841385587
309.28984954623706
286.980371834195
310.83754622191736
349.80036520516364
311.5825967382555
450.5398105653621
312.1119754559061
405.37186712969964
312.5214443759651
262.5203997736476
314.01462260039585
483.04608143100006
318.89892734517065
484.8800077563002
319.1444905293399
62.09473684284382
320.5228594808582
73.53709150221316
321.28868530260735
421.32355006458386
321.31278338025487
38.408665327297264
321.49182343916095
380.05390299983384
325.0927954175831
350.0891962849159
327.18685714783135
258.17457248736395
328.91395888094104
2.5061118367606716
330.4631189708256
43.690565579578625
330.593036928124
95.90325164831582
333.5914332727659
490.83696801147767
334.7356152643878
57.256924983873624
334.74747530306263
173.53236420372656
335.8668186044845
103.80228933190314
336.4632227042559
345.4746377582635
337.92282876788175
401.61616206393893
339.1025395564444
332.61146258551986
339.5927720277591
226.01494179892063
341.3239263591831
206.20693720639912
342.9466361313519
204.4925150696533
344.30334408242584
285.65073774072675
345.17853163477787
280.19369163966206
345.3459140980594
484.56825567821403
345.5389303512855
361.7567567203466
345.9094216657112
12.181005081739318
346.86614374892275
222.4258320103086
350.45800450864124
76.46253890875079
350.8416750882741
371.86811799088287
354.0755665076306
366.7305935329502
354.4422836573931
0.9512511039273253
354.60472400825734
253.2528268463098
354.7601163765759
301.6185341715658
356.34886047842593
465.2055228377329
356.46405870695276
114.38301386220961
356.69222146293373
12.085884483190489
357.58386066158005
436.67854484042795
357.6132407132401
215.04668563227045
358.1847161417969
461.21116612110484
360.1272132032461
458.7909369312837
360.7924309631171
461.4505607554168
361.3034384623101
104.05086394152833
362.0601612828509
439.99295144340624
362.4497601970878
490.2918684814887
362.6198799816136
179.12745162719474
363.69789142459285
494.8890181815009
364.5597534078113
67.40435598094315
364.57220412843265
446.85487655744583
365.70364076808033
195.20487976653575
365.9759938871783
306.14485044271555
366.7666447141635
186.11366128732166
368.02333536853524
226.32652416766481
370.7838231056981
437.023981729876
371.2305590996437
80.25908558981735
371.33125846593913
285.61360634043757
371.91951244150147
31.846562506279046
372.57489089382096
457.5079631356423
372.8559157818682
323.0841409414306
373.1606823847387
427.6367521645813
373.2874541504075
241.79087713028906
373.4203046042105
482.4326383133885
374.865232432116
20.6921455402837
375.3899189955565
90.9242985609305
376.5618878945979
363.1305061710249
377.17411808484013
458.3555625101913
380.1109333977991
226.72276926699644
380.2986412575377
446.5117944974765
380.32491951085944
494.01481091634076
380.76056452719087
35.9672268012004
381.042114821207
360.5691851302036
381.81937660419135
223.1037771360807
382.0566451984268
330.19791049868513
383.51679009398265
254.24729096996842
383.814725874034
195.7444713395786
383.9570244654935
218.17481915330995
384.4983466216909
251.75781103945144
387.87541790841055
447.1522083343265
390.3213863991614
150.98065171326314
391.70191494733444
36.182067780860635
391.97331154483453
285.0103887922994
392.775711522952
328.85401135174305
394.50364633184154
344.6268877172968
395.05755869454975
72.40664126172189
395.52980103235956
496.6321754057303
397.5439130088827
126.50311994384019
397.73876809656923
20.836636926558302
398.38893623748265
317.43550880086593
400.83927850892803
74.07187778419014
403.2838475391487
74.26740918426057
403.65601897152453
96.8721832161297
404.2121851400396
431.9546138226828
404.3115468112746
116.82348343184655
404.6178304762088
16.380471506668187
404.71758052050956
93.99781746801095
404.91049247677404
296.8210696786219
405.01346583833674
456.63750343861744
405.1859589993497
69.09045589914297
405.59575088112643
267.7727093063785
406.1583950777681
403.583767487744
407.64026881945654
315.7642407043729
408.2048793369588
369.1742583691262
408.8685750517797
22.846157528099226
409.05799942308903
312.84675376390896
409.757594651147
204.69030540740033
409.94274237006124
358.298759100945
410.8474451033981
144.20456414256086
411.70685691158684
269.62210520136284
412.13990431720896
91.00583704185493
415.1620109805316
37.61576469989467
418.24445108293884
348.1705804327565
419.0110505540448
77.08282142694559
420.9835171588181
250.09696738716792
421.46324278387686
184.46595741601746
422.5385889251894
1.8903831072018171
422.5739408995366
303.1689813291193
423.11666271568566
178.23943289447303
423.2680235682722
230.1535173346487
424.5458251863671
465.93854711285275
424.95208498406055
222.6401988020798
425.2969799062634
84.95482705888544
425.9899150530348
339.3450966147307
426.21504467399274
435.09733397902505
427.8445233125541
476.1225187412742
429.38810132714224
265.66979528276704
429.65117939015465
323.8844622534635
431.9791547433673
407.6372124798134
432.1590642456817
279.4211740115599
434.1945806908267
56.70046491374224
435.20594342333703
186.93998526717445
438.05053498045567
176.54112141330242
439.3370730674574
166.39495794900512
439.33936534546854
477.825535934646
442.8763993997138
6.072961128654872
443.604691859348
359.106193889811
444.36367205448045
227.17022416430234
445.7726464298108
131.53091931243523
446.1404350001755
136.38001141292688
446.6420580026097
294.40646069167474
449.232893944531
395.0515717460296
452.23450615456073
482.3715780981696
453.1133588330548
416.3149812789444
453.8370500876436
109.0815381534454
455.4613395390322
467.81121083533895
456.42049905409766
201.59900071537692
457.68867709293335
344.6871965894955
459.22368064687464
184.4576269028081
460.36113743762405
372.65736258282953
460.4512612444046
12.079836325259485
460.5008593720713
392.8608968316675
461.23099751041354
264.851412726066
461.46517926648727
261.15769288799066
462.5940485528268
266.28071472898597
464.0095958463995
427.0644645257169
465.70805664728516
238.5456380815452
465.7812695933867
65.59932373985956
466.40876289592813
489.35845638821604
468.76493957248556
9.805415660778138
469.0016689084848
261.45466073820506
470.04066116955124
74.85317825261089
470.39079751586223
252.04564871560578
472.12217505864834
312.921529397115
472.70869034494825
136.01246488056753
472.96758161557483
420.8839629180438
473.0151365739359
271.4781091270821
473.2521003871625
94.931230219901
475.65812966571445
2.154420349383031
476.3016474821227
287.9205687297317
477.6683972475143
356.6177129444922
479.88851486007434
160.7761967084709
480.3902601627435
364.17793781424524
480.9131412978801
316.4922449659158
481.1943801433283
383.54314154354756
481.5899519089797
334.3084990723165
481.65869165490733
432.5914206743298
482.20803898720163
357.58219612323813
482.26909196354205
5.430190699168022
483.3922061344772
355.0008192362094
486.4756148192423
297.38412327534525
487.1046459238495
498.07649764152393
487.56375385093344
375.9065240321928
489.4924003658944
83.17145847305545
489.5482043446286
203.58772627572677
489.5836287172827
326.7614317521002
491.32208199863237
189.88039520054764
492.9118731006028
331.6771994700192
494.3402755142836
186.0443884765083
494.89688988811474
63.99483217351578
496.45701112686885
123.63629577159473
496.96945765385505
160.7731829212714
497.8894130275738
468.2742023931347
498.3127858241644
322.84029879497416
498.993378551176
176.477988713468
0.21485305868211146
391.41348689073146
1.7724567455417817
420.2079369066883
1.8833714873962655
197.6764022075222
1.9532891521986682
467.0568246226372
2.031218605875468
76.13978343231449
5.450427954346969
202.20255478737323
6.421272407976975
472.5866863159154
8.273134591096419
325.2395211526537
9.479601128941658
276.3368107721443
12.164341448843018
54.18393800088622
12.54675392687945
48.906917185982174
13.425179217737943
401.97455668266304
13.896456638557583
251.77967154142246
13.998038734097332
41.11768756002797
14.194975832835821
271.6949539869903
14.394778804256164
430.21562063996174
17.593970620953712
399.76927074600144
18.692447825791206
239.34586887020083
19.295405016742603
10.307869762344328
19.317236871184562
71.4893081648244
19.721876528201662
312.6331423995032
20.53657073938947
401.3270677999076
21.572733612999617
161.5896801576644
21.76828294414233
453.4183479431675
21.854085926056595
114.30989524976201
22.500942239131025
337.415937461903
22.651225959984426
370.187659374618
25.798706824308194
489.854861428333
25.929923287758054
380.2193390019946
26.125994229579906
155.40691054860514
27.43076029436855
291.1514739294235
27.50375593895944
496.78345833047797
28.71404162178101
428.76516686524496
30.518859657353808
156.14650251697657
30.859413296430887
456.28896993948143
31.599088560383827
242.79499197519948
33.39634882475271
38.880554347568676
34.102543855461825
70.66905394260174
34.11126938956328
496.48158474028276
35.60804523994928
453.67600837915387
36.318475946081854
497.79153661140435
40.691444386004264
351.3910799999597
42.27811520693346
294.8510701120751
43.69905365739051
13.224656125514334
46.80171902114675
449.8117266224196
49.21372584870245
248.49900650031938
51.2271279407597
441.0272802521438
51.865911295256964
63.7969039871666
52.80456281143005
114.13523684866611
53.21087989413322
227.3814157268891
54.715396438306136
473.84569251951126
54.836946483472815
154.42134250510546
56.47623055022304
109.2729120387437
58.63577935459313
340.7398894733454
59.55225383011821
94.57481109648621
59.65757163671886
270.2996870634668
62.7758514296567
415.9801949271795
63.72684163799801
436.0827762534076
64.03910334355346
221.342391665666
64.70903194543341
210.59235241831652
65.27440785146307
317.13036848505624
65.68747243956236
101.52030783112738
65.97583104783371
409.7394722063467
67.74958083712508
178.37513591488198
67.95080676569421
344.5328135709544
68.29152976244814
32.306475801489604
69.42398498320533
96.66769931938899
69.53839504206546
304.5264225525881
71.70546065855534
187.56831877795184
74.22300856078866
132.34455559476697
74.27983644514752
144.07373648341598
75.1038726647485
278.12577510379907
75.59804971297388
138.082069713043
78.21073178311696
141.23878756819897
79.32944896714648
390.07042773469885
80.03028768933183
108.59513318369761
81.16268128186884
299.0397495538568
82.55293632857042
169.18644420969383
82.96883662968617
338.5703751470226
83.1950957469164
224.75018883348162
84.43952724786054
287.4521166936224
85.44135523908915
356.6889087178455
86.05819375030626
493.07875143648596
87.38121441982334
214.23937259382703
88.42821650981855
225.40319076640563
88.69517892894606
358.4346793562123
89.4200062440345
301.0304848558341
89.51884640889436
61.96845582264063
90.64279609518395
94.45140932580884
90.71105899744803
292.6898997044537
91.11573138141688
121.09543244938452
92.64297253003353
387.41010267209265
94.78634559654657
239.74889140382854
94.97949092366895
138.72452515431166
98.4380812556899
16.99965154269682
98.7471119998649
353.8656299806682
98.92278293569836
122.30913699730128
100.78626651144101
98.44366908890773
103.05993361987123
119.65519138695382
105.98121362060355
295.12016680609776
106.84246614623586
19.14592986155187
107.16731856587438
225.21591564936182
107.39409484633389
481.4551296478269
108.2555773076181
287.3235584264477
108.32271867954077
87.35879546555492
110.32297346998843
67.7329781799069
110.71429232938519
80.12894763000236
112.05635422972075
412.6640450211233
112.48973640982246
119.39387727006547
116.21078682687201
173.82046385773185
118.00929003765233
340.3950863279078
120.57130041651338
81.74058137222133
120.7419844064897
358.99385064890856
121.2165708773574
219.9755960836565
121.37004784254599
120.67917041178016
122.44813053862931
290.71449005409136
122.71374853185887
441.33002977283445
122.828860188771
22.339364536656944
126.3302242362287
233.46767511707338
126.91657492334642
452.9730065557007
127.66046377077622
255.5072803763572
127.87773009265918
259.6906339227372
128.46867374008585
373.65693758578124
129.1463380321441
484.1051411574609
132.96318638050988
73.18027432697245
133.69441645221613
163.79490882521827
134.16553130680697
174.27920118727178
134.28863486938764
478.4098330669368
135.32398176924184
484.8625124322642
137.52866203317203
164.04683977578574
138.29697845567108
229.40324979882806
138.81891409715627
170.78165352488404
141.1674690209858
454.3600220401936
141.35887432752816
469.8120740914501
141.89367504375352
220.15568103562796
145.51236810062323
183.19156267815168
146.33123862103963
473.2070161848055
146.42252634595894
433.0076639284007
148.1509735163971
282.16264048393725
148.73447958699404
277.5490479816476
148.75536590250866
355.1837613435878
148.77843536448034
38.40706140471774
150.06432364016314
71.70032081524708
150.0749350806877
86.00208538718083
150.55732345722575
374.9331903143941
150.75390241673833
66.39708678374392
154.4449534348019
293.98987086816555
154.61867077162617
485.9246035907868
157.66603115682238
291.9865348276094
158.03658177234362
90.87711691562167
158.4621291000363
177.28783819969243
159.1475846553558
482.1204152202287
160.26739057753784
9.798502550728397
160.8837802585869
169.0403101238785
162.7528859114335
333.4853433935636
162.8263716587487
362.1731520005225
164.37206032903876
411.2669080933147
164.82555502253277
0.09859361700226954
165.10602851992516
427.4215114969502
166.31950614329924
475.8391530064619
170.0534583808226
279.5730089196129
170.78198267685656
203.30800761984173
170.94920913373937
357.5420416517766
171.5092937406241
172.50233109313993
172.63268720559358
140.99616419516894
173.4154651728566
416.2631479623014
174.2290389903484
108.07293090668432
174.39428876693802
305.3661587495471
174.85804742876365
485.00425145209016
175.8242825879402
293.74179535412924
179.59571077046024
268.8705170634873
180.77366392421976
46.09686529621423
185.11812583438578
412.1307899919077
185.19917534102692
261.52010978172865
186.22900450310684
395.9162551181517
186.72272866102176
467.99404585697084
186.75043233070846
350.5823834092835
188.59120357125448
253.88421965229145
189.80947141854855
176.93053952197508
190.8458081166549
110.00074294424161
191.3031899046173
141.7037967549619
191.72291444734614
430.1138880416748
192.12209391684527
89.03988351808135
193.07000465672056
476.6967545309014
193.95786055670808
463.5256904155094
194.10607209417492
409.59050022371224
194.3413657106151
156.26166148397581
196.15054624761845
57.42630579031966
206.18593115669978
401.20466538377684
207.04427259200077
491.2556902283108
208.68882728544452
316.09326162027884
211.75958601677144
311.0834897790553
211.76578913444905
133.0524039579824
213.38923230386342
104.35950812401383
214.0272655335496
315.3742790603708
214.62230832803326
473.67611788010555
215.28175808508846
377.3187683674474
216.23144423287286
337.9536341573051
217.0584561632409
481.96947889639944
219.80275861706588
278.2815577871779
220.07861062236765
35.849526170569874
222.00422654788207
383.6674321954507
222.11805989927583
433.20500380622684
223.78599179597074
485.0492734166343
225.07174652122447
263.03939326684514
225.38713375711166
12.802320562748923
227.491077723395
27.326575284241386
228.69444787546814
378.03861851103767
230.32048350758402
165.82070917367759
231.612075291448
25.621858659003347
231.84984658267834
391.3031066705182
233.1999064244217
34.94765308364134
233.4501942620432
425.37346351111944
235.50433677357634
374.77277898413104
235.88489535941184
242.04421889867797
235.99566428419584
93.97757000420519
236.13258540086497
425.1981226720161
237.94947942590002
300.5204442880609
238.703312499566
386.75326168008604
239.67017275682932
416.95329537920793
240.5290195641277
208.56225436262238
240.80069124926723
490.57870295347664
241.03195768831426
457.43756110055557
241.7701174780729
486.3557848340947
241.8425869005671
489.5511827520051
242.93317073799628
284.9358002540515
245.71514103407756
58.026299448424666
249.6705803019131
352.24210113873795
250.6341131218556
292.9946222990022
250.83648343348
400.0172501992953
251.78018912105497
283.2821627561552
252.7016031005189
114.92685924926751
253.94948104596844
264.79964086803466
255.08566965876466
492.53848983344477
255.55080379366976
185.62901972312204
255.61047960060824
240.91619442462684
256.8604377912048
392.5524583207586
257.67778348505584
203.51593010228518
260.08478985945385
50.15977316877564
260.7879047863347
291.65252531015153
262.50216802389383
55.43918506716582
262.6110894393397
264.8800780256181
263.3093349841433
243.0531204731922
263.9409483693357
76.9116232971001
264.2218815673216
250.58452377572277
266.0694547237675
123.57080486772426
267.76757967033456
168.58937933755533
267.8210976459672
300.36595141316803
267.9098429416067
366.74139915584476
267.92527938440924
447.7371453305432
268.5954814661602
2.8089798914996837
269.02013466583634
136.11503328369028
270.9018584171103
205.15150465996783
271.10018531078885
403.82645340182575
272.4492833122779
394.9932828897915
273.19103273027173
39.37998973593868
273.5907218467302
213.1565137328167
273.69633773660007
338.9785281309929
273.8304472728763
262.0903263423868
275.40478080122
169.68363981767652
276.0811710713739
59.77281555185055
276.52405646022
24.545506358215675
276.94388041403545
399.1327371450956
277.73176756938574
419.59598007999176
277.89995143740236
398.5794058811496
278.01488945748685
245.4115040477842
278.23599178411246
296.61907336036046
278.81688920193346
328.7183537169421
279.7407823779658
206.77669858730425
280.9884670124341
450.1256940596361
282.08559637173613
323.28198111290703
282.7160869882831
117.269623983466
282.9678138640083
411.29434006779303
284.2657682847955
205.41139227614133
284.4728168914112
35.18135764898275
284.54665405221846
34.84835120470585
285.1800369083105
496.67745041200953
285.7338449840841
32.26357394304083
288.2132411344878
490.69218540734545
288.25760808772816
1.3616609002050222
288.441406977392
442.6028003481769
290.08009911623225
208.9739168313232
290.98560189963587
299.40009638958225
293.32259052122765
73.13177617697403
293.66318386745
167.63089587713665
293.8845004255586
455.8238968789881
294.0994807808882
426.99489180643104
294.16233489410047
405.18443140452223
295.13987815537115
51.58991100330396
295.44915269852953
239.12165066661606
295.8519662591483
324.5863094907666
296.40005615133464
432.0996566014796
297.78476112427967
372.9126535390424
297.80692286377075
131.33177004693067
298.63017850048243
56.54263253522504
299.27908562398324
59.193707270337875
299.4599479222758
223.64294995154884
301.4893322498088
241.28360287660604
303.25584615413925
419.4616332224499
303.5946833933087
32.83530166983308
304.0007223284521
310.07492970416325
304.354290945038
80.81646553213976
304.37883093809165
44.12141852717949
305.72804901118064
4.246666433636548
307.90728196849034
240.48119153441033
309.387792495656
456.967594559062
311.6717890362504
296.26258124431155
315.9473023696757
26.31259021596291
316.3936514984922
486.83134295013184
316.73322447463715
403.0142514594114
317.4788450046739
210.30072073580357
317.7158760898422
219.5103818726485
321.139283403996
489.07231257044043
322.4728897061336
270.2541513627536
322.85114583652853
334.4799715291388
323.8726251417501
108.46076199716703
326.8003995089949
300.27169012395154
327.76939893621
242.56660204863348
327.79400228803956
36.27247160440114
329.2170620882711
235.69618198369545
329.60957205300593
136.54008535971903
329.72973410514925
322.87039600978716
331.76001062061243
23.339071965966166
333.13265655155453
137.46009779239097
333.92559176472923
325.2982765786229
334.53122071661596
119.29436562159947
335.1484955615135
51.05766456012037
335.24013838283065
305.25387480477855
335.8198678889156
71.80375535719901
336.2353327132826
197.18535111725205
336.65190691393025
4.240239188802029
338.2951327246457
263.9792929093981
338.84634129720206
402.59326797645207
339.78338067378405
306.86224215234535
341.53618257191613
77.47536268331105
344.0401373403112
79.01095433375122
344.50262941123685
278.7062589387217
349.2428358602077
311.78172648261466
350.1432630129547
145.63598599286908
353.03619258437874
123.27150152369316
354.83681392008236
245.28051185953896
355.09808009098214
179.25324656590587
355.17873429909656
352.6737559203927
357.0637360315341
379.31189845249713
357.75000782987587
282.02736330577414
358.2371012485499
149.53193527417503
358.3571532384136
416.38093217190664
358.3960814396558
195.40440200643795
358.8001053791732
442.5569273756255
359.27137137626477
97.89779837154826
359.4616754342235
239.04018422475482
362.0090315259045
270.08256559348416
362.30498700082495
293.8704683060668
362.6618579125256
182.64511907044255
363.649140829902
343.0153832681095
363.76285729013665
297.0811287146937
364.23530727122613
447.58791637737403
367.3125497912588
375.95529201282386
368.7428067380201
283.9238787366561
369.54203747465857
99.61984920600226
370.72523926518636
297.1886164929356
371.2101821178615
16.48673042658033
372.00573411616483
461.9863669026568
372.54447219801995
66.91215826021185
373.42054764309864
97.9204747467353
376.663619480724
234.86450105107596
377.0110820176372
123.87885828250926
377.3982349029246
60.904057294816965
379.45907644278253
244.47749886515476
379.8214896809918
391.1582623927281
380.2413522250281
338.3594233664147
380.3111302175481
4.346159499926571
380.8736071554435
287.3243522334879
381.39048788803905
295.18616965016673
381.96107901475716
182.12535496364268
382.14117811155495
450.6169787177799
383.13038216474575
266.5551343277099
384.0856707241364
229.23801957835911
384.9578834309259
362.08382327358817
385.8997514677401
251.63078661709875
386.59388830304806
93.44071299884614
389.0436486397331
296.49243479199936
391.01067912959303
328.08999136466656
391.1923613880397
237.42003460722466
392.40734089360546
336.700065468734
392.4883425253019
51.39759139264001
392.5138517798753
495.98196659705286
392.54161223279044
132.3720105822491
393.0219857857639
2.033577613004731
393.9763497914988
89.47107527698576
394.8764383582347
337.7261458169367
395.1734129413153
183.30801211633477
395.34312191163934
435.93594202892547
395.9256313260655
288.62878138359827
396.3159858767496
422.374165938043
396.79920438184075
304.90518267262
396.8810559967924
26.781957811521178
397.2656998492616
352.19988487050875
398.34858271300095
251.9789850435636
398.49735785226255
52.20378510158728
398.53852665683263
96.51442124997853
399.0292937225924
331.9421958111664
399.1988143807776
392.626365349527
401.21122263639086
404.17237572321443
401.58655750843286
87.81109597987565
402.62631923891456
386.3080750192909
403.04079911220896
38.646102955327166
403.10299110880857
246.63028602622106
404.5650411396291
109.30482752138417
405.60227005165086
262.47679316375104
406.19043503889276
494.82346896486416
406.2518940817643
428.16138443987734
406.29384040109665
409.9400120544424
408.08761662199834
46.19988957776334
408.48622330849827
433.27418010471536
409.32402680932614
432.568212935205
412.5887214025328
489.0624519373432
413.933575682467
218.60670964267197
415.2025353533466
161.2857702425532
416.18393454331107
227.6993694648944
416.5653358274112
113.36107631544124
418.6047348734183
2.5078289348923963
418.65573601880925
275.7450794258146
420.4638789587604
409.6524552354041
420.8028259779197
158.4257566934319
420.8614754937158
468.9114714047128
421.0172381697267
130.13588495786647
421.4546356313091
237.20743484670766
421.6776467129844
447.23983283393375
424.2698229983135
269.502193386789
424.55580882893713
460.8276136899657
425.4438516756032
359.21832876558943
426.0268072848448
385.68977517766393
427.48562450069096
253.00899397148123
427.7019054949487
461.5758026081646
427.95543214306736
185.89140821133762
427.9815384067962
306.52901639772006
428.03424904972167
37.65808455026252
428.05680007730047
384.2981068035143
429.30630397548833
7.847493110736302
429.98878569415507
336.7299652952861
431.2596972117081
157.31367378427365
431.7471180135897
200.4008787233439
432.7409782606025
286.59970638196074
433.610020700153
256.8541875819918
433.72178017171274
219.87316575636046
434.55448502306297
7.416129409726441
435.2038312259681
184.9735970167019
435.50811190684317
227.83782893065833
438.3434969694223
382.27161318806276
438.38745032044073
392.5624354526305
438.51461489495205
233.46269408326336
439.83462877256807
57.83008565629041
440.8407191013231
376.35626568931866
442.53686955347627
81.37451083638945
442.7456455872787
393.63108288627274
442.9440938292157
84.50964795479585
443.6065659925039
18.18653201290992
444.3973321911017
455.7525319074947
446.34639268851686
275.32130873853225
446.73462969950305
38.458090079307865
446.8552449138615
349.35694045007295
447.67591712929334
19.112133653361113
448.6076070752037
153.4968739851614
448.69050891129075
411.6028918552816
448.92593042935124
186.51271505759036
449.53569439464883
425.84518015767895
450.5259333955912
290.9836308677546
454.616663603254
86.6568865710604
456.9520808371796
213.50659787307018
458.7642577973085
427.87260204065495
461.3148235454822
276.01786579373487
461.35526977289334
310.90853488075214
462.88590662669407
188.78793954727826
463.79995199974684
28.15684481338437
464.03981787268856
52.20491715860032
464.0720730813652
57.355805902642594
464.58835037006395
292.32911876283566
465.14281351179994
173.09316673270575
465.7206392543556
89.24956507179145
465.7806307845061
468.4450735701043
467.11507991498115
130.1199151976783
468.148571370061
384.3893505354903
469.1652907705628
221.39578549009576
469.2295507015835
141.5029721607686
470.7850168989618
30.113160021547092
472.2789175371177
422.1263977691893
472.48892771744687
411.08390803071035
473.17572919316063
238.38845697663962
475.0255863501796
484.5797615850999
475.84998897543517
209.71389999209816
478.85806787448473
165.77548651909328
478.9328130752622
197.96799558566062
479.1475822549014
212.8195793182729
479.9806867246129
370.0715728365507
480.84326661695377
341.3686670195871
481.4774048302308
233.1370634749879
482.70555604648706
357.2351227752307
482.8125029737239
55.538935002045136
485.7163779570799
210.18024792007782
487.1817968699999
165.8758178914506
488.04341541112007
397.2512608717095
488.4917627714539
488.4629624944367
490.5776708633598
332.65347734298575
491.3180134184045
26.48721910119596
491.56946487181796
155.1036221340016
492.3355256241994
66.34592726107007
492.6593682219259
197.09184501195
494.34887640502217
147.63254249334736
495.24042415798556
421.2168218656732
495.46888105411216
184.2537621062705
497.06024342673544
287.20229463249154
0.6521631635112402
435.09486858395826
1.4141848966270425
303.0390519714594
2.116744089308896
32.63220348164439
2.158562353240157
28.638480163066188
2.3190681619724383
372.93983097380874
3.171325795790472
104.55116242864183
4.399199713897888
237.5853746735859
4.94865028086927
272.63110079564683
6.659107392485767
258.03142097270046
6.740042824348099
409.16070811602725
7.502153585997927
89.9953005303918
9.394435416397705
128.04245316753173
11.674202391078671
54.018824496989055
15.31657633245098
452.0583411847714
17.408750996644013
229.69187015881184
18.794675813245817
40.070816758899014
19.442512457264478
308.8551983388861
19.50990053364278
488.98966705557945
19.863104969382558
390.5357544845943
20.73619218642763
303.06119931812594
22.06119979458262
182.35686312383396
22.691070683758994
399.32215452892365
23.38861037146829
427.09272717922494
26.045902482468076
385.54284272434825
26.554070505163402
158.96604420370215
27.635114371344162
246.06740590855392
28.204323936827603
487.1960450154675
28.639513901788717
466.6270201734426
28.945450822242865
284.9529382254714
29.39691117357118
54.250266528277734
30.323068201484745
427.2969873849008
30.644376618545408
265.59224252693804
32.7296248367439
58.4527343302917
32.91772756698071
167.35986327961237
33.37266310033117
100.45666771550363
34.87917377401977
114.41576882811756
35.34017713370363
385.5208464350204
35.406311697851415
377.88172835290186
35.86830554063674
47.487270812883445
35.973095745083285
279.7782169400631
40.23734298325899
120.80640477256257
41.138018626436704
446.59343516255336
41.31417994428353
154.43802614128074
44.17781306901313
385.5236690400018
45.57956800419832
187.1273753975091
45.74860968702286
167.84431854936872
47.172701559425974
484.0909734536907
47.366214039495695
357.9944926073648
47.87337385451663
12.99032201646597
50.485911955244916
136.01169033889474
51.99672619222771
219.01216202742597
52.37075895720294
370.32719898806243
52.52954102948798
328.81591756018554
53.3756710139412
421.4917650509036
54.98379342579173
482.8713093251422
57.91246956026516
484.1373936137728
57.97182092658186
184.62028939679266
59.640680950214794
187.1584767404722
61.439642570352866
268.7221922830147
64.31940696284862
381.8036013966155
65.13725891206487
115.9398151892631
66.75844703984343
438.84493840297364
68.13068473817972
200.4463084882067
69.25456095593448
158.43862131573945
71.40509011219956
8.538940875041138
73.149459245667
301.0819575879924
74.07210292182718
412.78626253094995
77.4118526544266
403.89825471860814
78.88951213100076
468.3091696397633
80.80443079346239
440.04818881381505
80.88438080149905
174.55924260468979
82.28693146884349
90.47183341276468
82.43181521043651
222.6677734202513
82.75188060633981
497.6814406174956
86.80998070964301
419.21191053751636
87.14473321414866
435.87183955770877
87.38227585252791
433.67643675583514
87.553725696514
437.6287047308881
88.22256058332795
167.8491896638039
88.44559217021533
265.56792942036685
89.17230197945591
41.111814217429774
96.26079211327023
389.6284284658118
96.42860344011561
182.82837105857516
98.0532093777127
443.92483310448875
98.66279865779455
487.87794772672623
98.84894879693013
288.0589648945181
100.56667315192287
62.7718916169049
101.6854073828274
220.74136275304127
102.91334807649066
337.3625530478997
103.26356547159186
464.4170971237255
103.70597814925416
496.91754564335804
103.92741403744007
338.1342026180909
104.64430267854767
314.37746041035405
105.95034468992945
305.3936705747465
107.13148324017526
355.86017738026163
107.37391755129137
49.93263449735536
107.94888181189617
105.25734206886023
109.52060788362611
42.32621641980374
112.58563845265972
98.25741871516264
114.36349739640339
389.5903094695076
114.78772870802376
318.2907928239549
116.79752529592263
4.55280366573385
118.05811200826743
279.4030730416243
121.93331140635902
350.3258183056223
122.31975377889233
490.9210664956882
122.3809788878123
300.384013220148
125.38167235722213
389.451097848187
125.9300268201351
183.41694109868342
126.9122705578642
383.5732484778392
129.70763644411363
384.40798383946407
129.82434696351487
245.62175807826102
130.596925342676
473.1939275617165
131.93394078943015
437.2160378343967
133.1588488873721
453.35233563063264
133.33396052973882
74.00515226499108
134.174191706147
213.41597429147498
134.68768942645477
47.1386268821046
135.6260658234329
261.9756522872183
135.68771596346036
181.72137433368192
135.95999212050376
265.6732624375806
136.26662151950617
292.6049054314811
136.62343613675472
324.5311501113022
137.66256635233538
463.7493887925058
138.6862683899178
461.58361768611957
139.85277627164012
310.55394909977787
140.31498863335474
169.1392096174132
140.3213943752125
377.55096037457633
140.5277502455507
64.18413918067812
140.96039670273052
99.62027772233884
141.01102442991024
398.2493117560266
141.57165977269534
82.82964976117428
142.71983946514888
249.12395712373302
143.3136205198014
289.3250060161328
144.81553497517666
339.58181071947536
146.48191872108475
104.98360947136243
146.73504090363272
477.13613011231683
148.16719120566307
162.49270697488683
148.22620861265088
89.96233580850532
148.4853738738183
255.93092777043307
149.04165773092086
476.4458107847267
150.25100179056827
203.72147494979808
150.57867026250997
334.06415205298384
150.84739358441954
26.47335955614866
152.01939173590503
59.518469832950885
156.10597579584123
282.88958719100526
156.8081521568554
90.77073276114722
157.60421021338513
339.77642440012136
157.9621635353113
229.91594698021137
158.91040420047932
292.7867028292305
161.82944353616546
282.82746697116244
163.54281491354567
261.90548202590236
163.66337707838417
179.0894403933088
164.12144690812696
315.8537436881575
164.9786982043835
372.1127144675958
165.0792087361596
187.83648685159625
165.37673664665115
149.10930898348101
165.7761125325307
498.5856244690405
168.12958132508717
387.5546993398231
168.85019601441232
183.16110700303688
169.3155664242269
32.79338325235091
172.38769076124464
137.86235885967568
173.9552020975396
184.1706379222961
174.4766131373858
256.5061000231822
176.48626779192398
484.308653347491
176.9948131394921
139.93757928211943
178.78776542940986
254.9704427929828
179.4022095922453
131.91047657396868
179.65929457510617
433.82234541709187
180.24848180685044
289.93077940424695
180.56804760179563
218.08862163064094
182.09319702558543
184.26532666827114
182.48726675291175
267.3315282633364
184.14349458564377
313.4122527096691
186.66754356886605
60.133967065879354
187.48763568042952
401.76020777031067
188.60292180978195
274.13500499202087
189.72914467163386
327.8272911349042
190.8847485529301
79.40417100701679
192.71415898905303
397.69192199641793
193.9291690318503
352.8898332074143
195.77318201331562
276.8473985054902
196.79698827076297
399.9777144289374
196.9749249693279
238.07663276889036
199.9425458418926
166.4806321844379
200.31272949048844
315.2965956666696
200.69826414661938
333.27054214984406
201.32230480826618
218.41480925967966
203.33822134401012
133.85933222622114
203.53619412073968
363.3185878360926
206.18471615209185
51.96864934871671
206.33228431236296
79.67190667603734
206.88065363830665
211.85981728456716
207.75807856481197
224.59629821532758
208.25255699105796
221.3800580815361
209.1475170165158
281.5713796493525
209.70168159464086
314.2722152046066
210.28482240741795
32.61197844780314
211.05914083715246
264.6941441705858
211.36212963101556
20.8057123668707
211.4052013153836
325.4200965209317
211.66021241419267
241.8190634281771
214.120678978022
283.07414834257895
214.61590579997753
317.22290791720945
216.9791326154051
443.0344392569419
217.1196201819078
493.9544005218967
219.72391179780553
83.18911998330199
221.35933145647877
292.1636932528948
221.60410685635847
105.0208585881211
222.9476652143694
2.083367130553743
223.09442280962082
167.51594500778174
223.1579449548107
30.696570494627338
223.39521851612363
174.43866756421528
223.74960159338062
165.75939021665252
224.6523533019197
450.1727827988899
224.67334129120644
399.74474012124244
224.95803091639866
139.57157844690096
225.13331749404517
471.3256219152063
225.1342299860736
359.8496771906502
226.63475994228142
398.69958088569877
227.0167244993467
86.64230298561017
229.26787035378013
352.8542246137068
229.49950655176195
71.18884734637162
229.51084965857086
250.77409479807937
231.00141130803217
407.12071277483153
231.00348506031548
17.014449948671334
233.1189983737404
254.96945691306735
235.93270952718245
118.18393317267338
236.47196648544934
478.836279610935
236.95266316467251
7.172793176897823
238.15817760937873
260.3761690699604
238.1668116601632
75.40675498624366
239.62134473486978
25.88802422113185
240.54475476436923
162.37710607767778
240.58606569115906
51.22033499746978
240.67414301555627
112.76745904844479
240.82343367093364
401.2353713620102
241.34608905529313
189.80366497759
241.44307583350331
456.1493725894339
241.98088623585582
219.5725423896154
242.06437868707278
279.5480358685043
242.8240672352644
431.08834460772465
245.459872222897
170.34524384801233
247.7365738808188
153.81606080928415
248.58842834474947
115.94389122459378
250.0638009249206
406.7499364381952
250.30949280891008
76.88604168213499
251.3408214081537
382.6427417804676
251.34505987485718
250.43362087253763
251.57731973396912
328.68342912622313
252.68127064194258
220.3235113440569
253.6749656301733
466.45832658722736
254.3306576616981
34.2130076652665
255.9036570071353
114.92758791764933
256.95950073563154
178.8406874630253
257.36240013984394
94.20674062384512
259.5077794266088
493.82391824494147
260.3913951125818
179.28353446167623
260.6267457626825
24.426158445074147
260.94950082061507
333.28702230430866
260.97906583211017
112.35380970818632
262.05661318788526
12.756818396609212
263.60816380086345
482.5937772240291
264.35488141473934
436.67248703911037
264.96930079342934
393.91931672264286
265.98845632002076
206.35357694932034
266.87333886913905
30.335326736225458
267.9766331235157
171.2622255067579
268.5929708366408
483.3696141437561
269.42031854308374
213.782975297632
269.6213176380865
287.30341581910625
269.81015582604965
379.1582782199962
271.5701771419561
364.60514533118356
273.5163119228027
57.27655679188652
274.96639124940066
187.38454970288115
275.41824920704045
116.75494623483281
277.39399389379355
340.3857276759284
277.85062658131653
196.41535858056366
278.4029464510163
488.6317529104135
278.65562976516253
134.8642142866091
280.235092983249
176.26249283233565
280.8749371916558
31.74253306130088
282.96820093348015
266.94403027507565
282.99762735127325
86.43117552778493
283.4826673982381
241.35725718705785
283.6519724644076
478.4976691743563
284.33710412279413
78.84368523816768
287.3727240712758
114.58054153353217
288.73085262280244
284.8852710847675
289.74776623045665
408.2830345634909
289.8494887787637
262.2817871797866
292.8619903066339
393.4697751200391
294.0343989812371
380.0188387773932
294.14092512346235
186.92766872260714
295.2770431995503
263.41775297547167
295.3421370125809
473.30937202976156
295.96621222501244
102.63736679347393
296.1117403941765
370.4382495167757
298.17107537502955
473.87111752194613
300.4637356586215
132.48772345742708
300.7372723760203
188.72496420972325
301.3701749269785
251.32362142869533
302.20917190188646
334.5793119672569
302.4199714949694
441.70688449802486
302.73992116989723
135.5758890993589
305.1506774301552
262.97037642573616
306.6190885028075
153.69716648367915
306.7153373956529
412.67304722438206
307.2854848768196
227.0918133499276
308.65716815342057
204.3792746007437
308.72522706869034
50.78982031409154
310.2357610561913
317.59246302434815
310.8002813734941
496.59902102367926
312.21078488593594
16.556485991533773
312.9667803245304
147.05596817376815
313.4263653751349
387.9314212211005
313.8789043639226
294.64230190354647
314.3303296902011
129.1836884218843
315.55454122111695
48.534128180493106
315.83766358846725
280.77566861261806
316.2108477350955
357.79960692361504
316.2722643050971
470.01919089354857
316.28082667421893
440.9747930968104
317.70647243677377
268.5877089980353
319.3551303929196
469.0436341974823
320.0396882265472
95.42701098213067
321.3807847139955
189.257776825137
321.94767569251087
33.98546290673013
323.0104727833243
240.49008125624883
324.5450285250649
179.06555054741975
324.5569182049461
208.13833694167852
324.9217058471862
88.51153125961483
327.4170289371582
392.81205759050954
327.81969011446796
102.90596655691331
327.86263062510983
218.33390255464835
329.1089084296011
73.90694103576169
329.9732971710051
16.786084575145544
330.8894549767055
494.5037388443961
333.47682729428675
80.90607866427334
333.8919558187145
95.46646370223827
337.9213454624732
88.74200538503588
338.89522926306904
0.2396606600815604
341.97690791439294
22.181503724753505
342.3913122809644
234.86011797658034
342.7699167690398
466.2543129007258
344.6237959576108
304.9485346369032
345.2147895512074
59.06232464147164
345.8312375583283
23.420117724589566
345.9310834697655
316.0852685850504
345.96147486805603
161.520173121573
346.5855534084886
442.96585778595596
348.6920553505138
428.10543020325014
349.5349479705564
14.712494052325434
349.58781597591013
24.637696397708957
350.30685406599315
267.90784483512823
353.5219206259057
162.29680263953173
353.5951276547141
444.69017495173046
353.98522853585314
229.76148617872252
354.07743007800445
61.609046475601254
354.45282303059736
203.65774045563847
355.086916842387
219.89614633361026
355.2932015217658
154.84771401274813
355.711584324707
190.4292234148714
356.2695418483081
305.0539340823695
356.85498998392706
152.7707397903041
357.265151460182
272.0161832670915
358.97400036349893
254.075851950126
360.27988997559396
193.5725091769247
360.30917690648494
33.78741634301043
362.7267259148008
194.89574135836824
364.0682121048429
48.25521419918267
364.87921496174545
118.92110666864214
366.4535889879745
52.182119683890306
367.5720946735117
74.47087382714155
367.90758698735686
106.43820383791568
368.3876363105747
312.07302755932943
368.5549052477749
163.24700720462562
369.47244289354586
154.76032737629438
369.5467899459467
320.46381399149146
369.9489034681449
245.19684461567735
369.98473691884675
444.42392583864785
371.7734407676526
176.21529220128147
372.49224140065013
463.2366777853474
373.2744140792995
428.8661976423144
374.45110575319904
24.46042502304486
376.8402436216554
285.6456356938779
377.3832906163093
187.64756581663582
377.4135147899084
463.0245299921783
377.5118789471031
362.15759127028474
377.5933021846786
86.84405377297512
377.6154104633386
4.345947053020595
379.167215732907
262.2635594870284
380.532766622295
341.6405756159434
381.1609271586381
60.31251732989329
381.9780602288736
239.23211988641359
382.025784788006
421.669420329212
382.6843445646249
385.2639485728697
382.89973336756185
438.14956664897755
384.57152219954514
232.51711778038361
384.67260531342515
498.04069691395335
385.1448227765924
394.7177922140919
385.77488200150555
58.38330351719833
388.749880962422
176.078320313756
390.3433277186748
44.86325069727755
390.3930196911053
194.2786049398566
390.53574048249345
418.7542566669052
390.947934588175
328.02560733175454
391.02561105032396
126.44569554963226
391.53167302171613
24.449217729017086
393.5813050586937
397.195059836335
394.692508591536
445.2652621498684
396.59843452777454
288.5097660526952
397.270553064525
316.06068511979754
397.8020544845629
302.04183029845206
398.16693518451297
347.8208910630197
398.87579471768953
410.461435758706
399.10508767390587
9.111403244194557
400.134669389399
292.4603802579564
402.3833322401028
83.20041686139069
403.75676539888053
155.15830976490741
403.79911470514645
47.365309531701605
404.28067804605115
395.68764720171356
406.48528001813486
305.4090474215917
407.32124202961256
16.569069002506826
410.8211177816352
426.9051473017442
411.07356544295214
411.18188869289736
411.2555268372374
28.517158143014974
411.92484130273454
467.47162045857795
413.33174458157094
257.68481931290177
416.0142368025172
444.13036425335736
416.4827910026871
449.0038349515756
416.88757161802283
365.4544890251985
417.391008790097
401.2306013873754
418.5277020937715
51.33950162128633
418.54759078449365
85.94407476586119
423.1154359947011
450.1007365929018
424.14894646102084
296.87467729544926
424.36915694336426
384.9734711189159
425.17229901276204
23.954313643698775
428.26038568024796
149.91543760707435
429.2852548435244
294.95392506717445
429.7176042663684
138.26244199817677
431.37051810125183
368.89211633045244
432.2486573437182
383.4738340428443
433.1852129609268
474.3760058033112
433.88327520639245
165.14401529305044
434.5269074518511
255.853070174786
434.7968650573077
446.8572972518202
436.8763432304371
235.18621376351493
437.77938874166506
379.84362932452024
439.11924653372006
318.04276081685236
440.78753914646114
37.838911696812566
441.1113240832651
205.27827557957374
442.37481385571846
411.45728778585305
443.0702245225555
227.67411986163765
443.73240183366045
9.86383198267109
443.8151717593385
399.8468523761284
444.5829017927614
96.08112767640388
445.9561953347307
429.86808337770054
447.66178344213483
150.9296483379155
448.2882553515727
141.67948212279595
449.61993468554954
405.39556986972485
450.01632217540725
412.32143786257257
453.5635982219688
279.060466416337
454.4369102594913
258.79398027734106
454.4810841687734
96.80668061769268
455.72001661519647
310.2152643444606
457.740475006958
216.28812435147032
458.1075844398286
472.61445642249083
462.227032481162
355.8111602353241
462.8574458023774
252.68952778588064
463.21971701640564
468.9137154968287
463.87642515516893
297.2191877804327
466.2083296549929
426.3564649402875
467.62454638737023
252.3584636691173
467.8357364831503
18.721449591078326
468.0026680588561
134.9571366374746
468.03056140774146
396.8228462846054
468.07556476588405
86.56927587517285
468.3681578602575
345.44759685026685
469.84136133094603
428.5765049179878
469.8941801412627
400.9604306048991
470.6159678788289
436.13191374375447
470.6424573150039
237.9252229716846
470.6724921837685
253.81434032280643
471.1584045392001
367.1841441944989
471.4240633193103
44.22915404750888
471.42658287632935
357.47756108449795
471.4525498217433
349.9129604936449
472.2446485015659
105.80232505454128
472.68596188951153
380.55475325343247
473.4318966502894
282.8040058223753
474.61241193810395
17.253693320974847
476.4523413795226
283.55977745492714
476.59544055163343
57.16476379999806
477.4542482250669
305.2904742327576
479.0530507924706
380.41618521798716
483.869920253671
3.602190238405517
484.3105903159343
477.1145995742513
484.34917408185026
264.01076637719007
484.68304933804785
250.17684646219539
484.9345883790805
315.4286286289228
485.67517540791897
107.97176083270121
485.7662522852789
16.499997732557475
486.37604011130577
16.356853863280058
487.90907158025783
139.1087152109721
488.7243511153411
435.20936006578825
490.025080579994
186.15098966508003
493.4183306347191
286.9675886824278
494.01962339610805
258.20371075988203
494.4294319896638
168.42772508482267
496.35711427138915
493.1307725017778
497.02566420533304
4.313214853735967
0.3466290100210273
420.5356947383467
3.396722161042227
464.8366886768465
3.6954306345766765
48.03520414090399
6.068399847625266
130.1836751642512
7.23053141982316
48.80179869865614
7.947199397056503
276.0069405361604
9.60601034892308
53.52448458217438
9.696922624779381
73.6235168914053
10.822939585505694
90.56291973184305
11.408659879532053
443.61355181050016
13.054312492154173
394.0320476328209
13.832611513001238
124.32650887831994
13.839220447310067
461.86001672934066
14.381036188121673
414.2010484040404
14.811867499103041
185.5030729754613
15.76116382305575
300.29028956084016
16.53255763305624
104.79474836522854
17.01918643642457
217.65650128074518
17.84167052472039
465.8365927962026
19.41892989947211
295.08084644467743
19.739703520481868
484.05706104761026
19.957325766671225
348.4774810334485
20.10586881733982
429.97106223224654
20.506373727217795
440.5560903862261
21.120632352152384
145.08216006277345
21.398886763560142
98.2401305374628
21.90150818899915
214.15172066423034
23.14727636059008
17.866528665618876
26.126561430247865
474.3536041202333
26.48503201835426
442.13202499688396
28.64096380857604
356.8184821070101
28.960409129444837
140.84144714043987
31.619714969585186
386.1580166418517
35.34888653474731
487.5975622543759
36.12782027001733
183.67602982306764
36.15340826251099
457.48729425288053
36.15586142491101
487.98483681957777
37.484055543208676
447.62177791074043
38.550925642774374
3.573676470100914
38.827754277474575
366.00007051366214
39.13858020653676
339.4016833507442
39.280624424547874
450.8984276257272
41.89847501537282
89.66443227479176
42.54805185113573
204.14368939418912
42.5657408902711
207.4038254928987
43.29584872629661
345.3974254701219
43.441629445156856
246.13355787861892
43.99373099455688
306.39861321381005
45.11727876269089
208.9614686095638
45.40374228634377
295.63567617578553
46.67714150814803
32.65487814781702
47.03707315693042
339.04556531008393
48.33816302358399
97.85783630129761
49.40189941079642
417.80599421188543
49.61481141301689
354.7315904798033
53.664614571259925
239.73919535285006
54.03849380256259
127.18925990243602
55.6264383123058
35.78489289523595
56.513722413287255
340.91630630519836
56.569129547285975
206.4362860834887
58.36997329280848
24.87954622004205
60.78075566202144
35.39098470845134
60.84164067110063
405.84198108979564
61.03456615067004
1.4125136918276913
61.244151384008326
439.55175923725585
61.267510242111335
160.3620946168475
61.36825730166405
122.24692936075549
61.579674143954186
132.11960777731244
61.76417205509974
220.5614933754822
62.70945126792459
353.44497645230473
64.2588525674334
137.6129321838198
67.77082633725865
302.8720837432096
67.92460257147398
169.12080663552962
69.53945207979534
296.91166496831084
73.50307038300883
139.52909114233748
74.64464293666472
75.37713538641438
75.25165541301247
348.8142114716528
76.31504664018793
35.92132923587483
78.84481461864189
99.83072998029937
79.32975085362614
431.59991761148024
82.02114368919626
396.305342294503
85.43506450652357
64.63872671119682
86.58483696214702
232.00915185517863
87.08485680207362
453.85868489030327
87.45451424794048
344.86850423520514
89.94609667847045
351.56177793625983
90.07879389554037
310.91476661373684
91.1183364037293
310.47357922182374
92.08347422362259
145.4438792551856
92.10416575143672
128.66299917814615
94.22259286842876
309.10926116043186
94.2608942175304
232.325537885043
95.88103833730527
256.91952031511136
96.62520301228885
110.29117537003422
96.68512757856328
79.62734260413721
97.96795405697485
250.54061932359198
100.45707017019096
76.92798098032931
101.36788759816149
312.1541172980273
103.30059537670515
426.61527145422065
105.86848186521391
153.73984120648407
107.21369274502058
133.41621895106135
107.22439578709114
299.3145899054396
109.84337475992665
472.7602771164513
110.22665983189627
425.4164473032317
110.71871497787012
139.47898817013356
110.7860722783962
83.23799600014105
112.22361087467486
384.1736303732147
112.30084032605751
175.03018578605514
113.29266302422772
492.078325209375
113.83368522247889
432.99099474879154
113.88669045074599
293.8011606475213
114.36528282929692
108.83530453599707
115.54692221822307
439.68734927304746
116.1516648740944
251.3372955436753
116.19007070654156
2.958321389918507
116.32117681736221
218.42813786992923
116.62366318539453
76.00170107041478
117.40662588842203
167.70999024653608
119.03483444346871
17.09244725870977
120.3131653566675
388.399462484804
120.31961306781955
150.02779550562423
120.49406350980153
76.57815810940136
121.32910628670959
196.14758715412978
125.18878669965433
97.99467576509291
125.488277133938
431.80713696555085
125.65294507818024
393.14698728158197
126.66089878391635
421.5762924293526
127.27098458564022
305.7055408145443
127.64173846876723
169.38441527625264
128.0378415784527
390.13278299163693
128.49384991157194
221.8810842955799
128.595783708346
127.00832614125963
128.75915888374328
212.93439903491173
129.07290876198286
257.37974061164874
129.34085330173292
392.16373175518544
130.25069867582124
340.75273223050175
130.4072288979105
434.5578744749974
132.1416208549564
482.46965139802154
132.8790544851124
439.6649811318598
133.09544971933744
250.2495110072377
133.48442702227214
370.62632112691125
134.09812139539568
281.6498499188831
137.72104581674066
45.12122256063151
139.77818673158063
442.95734238307074
142.62676609170944
4.2108440895009025
147.50223667573124
174.64220194254716
147.6953923856052
11.462184309952326
149.05275157753397
51.35974402306382
149.2102521604066
398.4573234175624
149.98198087584004
449.5017531120275
150.18343317900255
31.572662384056844
150.28682147294683
17.820566622099804
150.99192714629777
386.6800004761962
151.24526493265304
224.53859527534215
152.42365112954215
497.45884795743154
154.32838245377053
290.22489440529546
156.3978135258022
485.2517560406159
157.36905918856726
275.0299122162741
158.22300282426372
377.21398898757815
159.93445665659596
443.9032616741139
160.68087395164437
422.0365927715589
160.9893250900513
297.9100011985999
161.40032974108135
491.8768338401735
161.4171830219387
108.30059430418753
161.46111137241252
359.265891843672
162.32564545028012
373.52344495170234
162.94033628227766
425.81033828862826
163.5578305215657
301.28018962056234
165.37350003703614
106.15503397734375
165.55258454031602
449.85054090994134
166.03260609961612
490.4362939869014
166.08778077069422
442.2412477156169
169.17214029692096
45.763968464402986
169.25453249345708
56.01327987706
169.63960892625082
299.0634035080154
169.81792064830438
437.75116057894127
170.3203996861665
209.98694335847756
170.76720514026437
139.53484893496642
170.84425763451122
35.85856836131623
172.12925073984115
213.91746219733267
172.86297903943165
307.296539657915
175.4394319248276
161.80863057115138
175.93925721486036
486.2586719039193
176.33237602974395
47.95677538914973
177.75693518068712
368.29271202445244
178.58202420637815
267.14837230432573
179.6912105794116
136.78783439073248
180.2430376904884
167.59287759474248
180.7401497607678
1.4533862703254283
182.21413148128713
107.46035057543331
183.90424531369507
262.16301061012615
184.76760123934864
150.17452795638238
185.303642618851
441.29674095181497
188.61220995604606
453.2236128524071
190.5251827492025
342.00690053179324
193.4682191912615
211.52485146703086
193.8700393247269
415.70277572235574
195.82069347947262
396.61656307491296
196.13091936259625
81.82954056409052
198.5994402888924
164.7555596690059
199.26530126782288
279.3956712550001
199.99650465730272
285.0519231469363
200.18447955923398
305.064020760009
201.12544133478963
142.16899236325537
201.28295764367388
362.7743422287887
201.31351796816216
212.56247406799903
201.58464647482842
259.76657541060683
201.6439283023953
6.533354794660615
202.7992104975034
270.0811773180923
206.82549978848007
211.22123198212265
208.16179664636925
92.96408571621792
208.19564496184054
48.29176592899894
209.39629840712206
120.30143407372262
215.28310727395473
263.4974865804924
215.2856978400936
476.4732767442846
215.74755369614894
196.6525099254955
215.9430483784981
148.9751674712136
216.69853293109924
130.63302459691772
217.90070117577747
267.0303437190098
218.54613319928723
317.14459452538915
218.84996805326847
94.39446296563096
218.92622460413546
9.430753859049926
219.95926541680615
151.62409059070018
221.2205775881325
339.07150892939086
223.01396085377002
0.4231213509085857
223.023022273306
152.30602237917768
224.7370265651238
167.02612730343893
225.1967206331194
18.935362975861352
230.77011596260323
289.19758077545373
231.14860129382797
197.8291385645451
231.49647941501735
467.60148605998535
231.97712905724117
294.4896853557872
232.3794594367965
29.429393437096515
232.95022720727465
158.1900251961316
234.67538786084074
196.62721983474952
235.52249354154446
311.4264109455546
237.06804970066986
194.78002987380145
237.1756550219201
155.77535933333442
238.34592682062384
291.8751809349953
241.21632277948348
112.18040628838986
241.63957147229172
99.53330330359806
243.49400567988482
163.65923619302794
245.58170564230525
283.5154640602378
245.81980734024353
209.71604278709174
246.26620496489056
129.85233299219144
247.69072532586168
174.07957561409484
248.4372766733323
413.7503249136863
249.45897938703422
433.45693495516747
249.87766390512405
434.97682526398137
250.28877089215774
64.74258332178806
250.43144478465075
140.10226194293605
251.29017675214251
313.0809361300728
252.40502674097138
118.68577852950428
253.5957794319111
284.23087874180743
255.32789370981172
470.47294898543186
255.34104190771993
40.47363154947236
255.65205077586992
314.3633040520063
256.1304550920347
393.4269625045244
256.1946544558835
291.6027068036313
256.96098099940923
461.7187522579683
257.54833984000896
219.72542699883405
258.71383028379165
317.4175240370764
259.37981470246643
431.96443879661496
259.4304503169746
463.06117238045346
259.71738962870165
407.336174059726
259.7963782306942
216.71837754657835
260.11950248158666
4.373179789500191
260.83724309660624
467.72998411670716
261.99698669093306
31.792383135647913
263.5751485345723
40.2518836603236
263.8245449046262
61.77901480370881
264.0690133706492
67.76166899621873
264.54280272551233
294.20484142617534
265.5569446074686
446.92412070271934
265.99537588713684
150.49304332397256
266.8087747325033
132.1067862115938
267.6001129898223
437.5252510169752
268.53385424626583
425.28429824965286
270.3433191300957
84.18076240792021
270.7502309713948
17.525885620814883
270.7737641875028
29.11932822866234
270.9497978563019
477.7324540259216
271.00497043674676
260.67683675010846
272.12767583762155
324.6409183429073
272.67638006857
127.73477330019945
273.6256932727043
302.07346757677027
273.9542221118583
271.3716316639702
274.69608980908396
124.7495597264521
274.8016279716522
126.796086308373
275.08918766976205
384.4765218547796
277.9903008655242
16.94764830051188
278.44560203159534
115.631281301069
278.4980018280486
175.96047974373832
283.57054509239566
429.1935225616781
283.5840825001548
467.7286981439303
283.9148271474351
180.85891955360702
284.40616746908535
310.4224000692334
285.3930699843653
258.2428786950677
285.5154700550124
434.88702006334154
285.637893851154
483.6553787600506
285.8337901823407
376.13231636447034
286.79504433644814
294.0344774443731
287.0840496917173
201.56192951716199
287.2285572209379
192.45482408785114
288.0589684898965
23.51229723521448
288.6599442429823
108.67727356226666
291.0323562311564
72.94479501453824
291.2934570993813
279.44845167084094
292.0231907100181
186.93348947624142
293.35815804965915
16.127381337223405
293.5460563401414
78.86882922737873
296.2498465512558
39.94256687582584
297.07204327834467
471.78891711074476
297.6885205000726
230.91011010072492
298.84704061656424
280.67232152287716
300.24981824039287
413.5803483579789
300.3152687593124
99.35399809270544
303.3162422819002
376.4145428586136
303.74594273352557
293.32460688443393
304.08303610865227
150.06597622360445
306.59255276127067
170.60850046490543
309.4671914163532
343.85843615747956
309.87975684863125
136.4072858099044
310.6968522962337
286.2848968284398
314.0046118509939
327.02274870815177
314.21266351665867
399.74022856387677
315.62410424705905
77.73380478254823
315.8108107997474
476.0801465926836
318.30889022454784
149.14657908917263
319.53289202821014
9.964815962145671
322.10261147272746
353.1239154301637
323.62072245216484
494.4315784611171
324.4068321972259
303.10490610713214
324.9553755958724
272.619739471448
325.17189081356037
200.2082120744768
325.1780536942387
59.09901263524991
326.0486179140653
49.27274597723856
326.19280914608834
162.65217051382217
328.0333206097212
322.3453104187224
328.07715368947123
94.51014695179039
329.4058536862114
460.9867807099247
332.7030287316121
92.72205170088881
333.30683851894094
394.7787924950854
334.40572187488175
465.39110521664634
335.0993500036704
276.09887484943704
335.19176535459974
448.1406075242501
335.43358642222296
152.1594466417743
336.74413439708115
45.36158371098755
337.64159488654343
386.0810926781528
337.8683215298331
39.35972286022452
337.88085362709865
368.68063665362297
338.9674188434433
0.5518027638709573
340.71452595439837
475.7553116659466
342.25376095490134
123.78465334317495
342.3386296518302
446.8283298394983
342.88916588054093
287.36909869860307
343.9868471510319
368.84461630697984
345.93179845491574
346.5761210968276
346.05741714453063
160.5580801273508
346.5452122418903
475.3648298957297
347.02645061923727
467.9005426093577
348.0307058603777
346.4217633760317
348.3150405980712
413.78134753796024
349.5213633237404
469.5843611284944
349.9365203083888
31.36823212442702
349.9508937385904
409.1296499986606
350.6129123215419
274.44910722965585
351.64340089430203
491.30080960677805
351.6997772403829
219.09610032238962
352.24311829865667
147.35087922627517
353.1036221880292
71.1167301682721
355.42906288080474
115.15992719500619
357.25725494066086
15.773891739122217
357.36626056698316
493.752474138341
360.3371354313339
59.247221877070466
360.4163019935985
476.3887317009071
362.23313691603266
318.51883500134716
363.99429463445875
90.72906582371417
364.2169388033726
379.3670536895481
364.63770806602065
488.8832648114146
364.63785715837463
489.42323590505015
364.6701997511246
374.68773588539716
366.44461812758755
0.7725517282117688
366.8967209331778
74.23730755938195
367.70987745325556
318.82294405281755
369.04409838579795
26.407353575730415
369.51341967031186
436.22294605081936
369.83015719644175
374.14281804540826
370.2740990230972
201.35231131820262
371.4685289518164
148.41705343780734
371.5278384846434
64.52796081680287
371.7001911061684
363.01380885344656
372.7531647528714
320.9384489351169
373.0916752467171
26.36585612232588
373.66211582548794
183.66897564902024
374.0405747391582
227.50906979211433
375.70534225076744
60.632065373783895
375.9381668101657
334.55281401340585
376.156880274018
221.67979048676125
376.3650530359689
252.88386210442093
376.39723204095696
129.30245388712555
376.65062980208563
260.94283076187423
378.56693455292725
333.00672886283354
379.1277104370923
56.190052612974505
380.6230029178416
498.2917685274534
383.34775790656204
108.56681891652303
383.5796978580813
229.04007935036012
384.17953804928203
467.03852922202145
385.1713402776953
136.39596292550297
385.31499946851505
60.36006810958599
385.6121218154644
75.92888843616761
386.3563943158452
109.42077527683414
388.71479297032687
346.8049387698677
389.0773970499263
268.3305968441757
390.08449548335267
466.70215049724675
390.18338130457363
78.91949828947618
390.72123955127904
160.80030430347313
391.8976316487174
128.29095802530063
393.96455271348464
457.2969499551142
394.5400447637485
110.16108908240518
394.8475486658241
202.00529724233243
394.85170389039826
249.87060862425602
396.5731773116049
241.3118536076572
397.3869729630066
84.61411389561617
397.46504782409323
204.6334542811833
397.9449300449295
340.99077819588933
398.36336624394625
94.78616747777471
398.62328946933184
252.24063620171117
398.68919144683895
377.4261862236745
399.8760951621759
41.73114836551585
401.9181922249295
148.28688595756998
402.5362180231478
193.1284580417292
405.67559838622265
138.93767037640808
407.2744275077201
368.17801333589216
408.3319734619333
382.2931489752766
408.51701093450987
121.15611084409902
408.96489307671925
108.33271225051247
410.62880092486535
305.3159014945545
412.70283175337977
431.0580386712307
413.21766096340076
208.5337836345772
413.59040875579365
266.83943446320603
416.38687599808094
395.8454732883447
419.4587282904965
344.0007434544806
423.0599083981107
237.80345010072614
423.3454337753349
13.194672866578994
426.5646604736484
248.55911519673177
428.1790761664043
164.57486236101022
429.08463391003227
128.43567421446434
430.44260929211515
125.42484336448402
430.6254474166049
402.19301776286335
431.1456574709141
399.7202225725528
431.5617138226663
332.9006691637517
432.17406397375504
6.095854129556262
434.04944651949774
107.14895026985184
435.0810547985159
150.59004687791813
435.26855083712746
199.67324894259596
436.43709656916343
214.13146191144577
436.7138314695386
86.6917705934014
436.8975189873518
473.92341343341116
439.05594226414195
285.5283715583575
445.25462209579484
13.332301232052197
445.5354927732198
232.37158509543022
445.60793238963566
274.62007229161645
446.1961802811713
496.1635416644399
446.82906015144505
321.3828780340217
449.5202681462429
93.85848538828984
450.7181405698179
442.37220587659925
451.8253054769088
261.84728601403754
452.3079008819079
116.65920644408381
453.438528421209
326.8141935678239
453.53863372247474
359.3723138907806
454.060996602205
353.95744664110146
455.0115680252516
385.47777890303917
455.67698587227767
51.87609695847492
456.2860330098031
275.03542861033077
456.3503523460272
27.797547911773187
456.9836302084459
263.8010167000003
457.1529352552052
155.8516923245795
457.52429864622184
266.2727541811649
458.1134440290249
264.5045202156939
459.9336493072755
389.8307661241527
460.9494101868909
455.9301878223808
462.13072637571634
440.48593430679324
462.469555141254
317.69131982908294
464.4776235588616
324.2556330757805
464.50774508726397
79.77814000773327
464.7550062195238
424.19828928373994
465.34875444821773
261.62885502465457
468.13626489690307
155.87089386351178
468.86599735847415
95.60126923782201
469.5133446645834
195.36517248865317
469.74911327512166
100.16589313716209
470.17468745158203
389.40885186910765
472.02970638961625
312.2942401412815
473.0613172602479
342.2277757710675
475.42293075817884
460.77521049909507
481.33591575177854
206.94194056936334
481.64811966547734
124.0436347585489
484.0082466721123
17.30444669341915
484.89618214482914
115.14458578116506
486.04848505055094
245.56741164595527
487.30588829012936
177.08960161564832
487.79068893254333
170.73881323898294
490.1536652373558
49.905978707595224
490.4917123590858
16.385530339841722
491.97040675511676
389.68897221064
493.53964128958387
156.892442915194
493.89388939261886
53.01327714296587
495.05512530431747
15.065419622804418
495.83064085706997
421.218832354268
496.7731575340916
177.33753355109093
497.9049510532295
480.09726226072803
